4.20422e+06 0
4.20422e+06 0

404741 0
404741 0

102934 0
102934 0

38964.5 0
38964.5 0

18341.1 0
18341.1 0

9909.46 0
9909.46 0

5888.25 0
5888.25 0

3751.12 0
3751.12 0

2520.18 0
2520.18 0

1765.71 0
1765.71 0

1279.81 0
1279.81 0

953.986 0
953.986 0

728.045 0
728.045 0

566.863 0
566.863 0

449.055 0
449.055 0

361.121 0
361.121 0

294.27 0
294.27 0

242.618 0
242.618 3.5746e-10

202.131 0
202.131 5.69708e-08

169.985 0
169.985 3.30042e-06

144.165 0
144.165 8.86542e-05

123.207 0
123.207 0.00131454

106.035 0
106.035 0.012187

91.8404 0
91.8404 0.0760307

80.0144 0
80.0144 0.3158

70.0891 0
70.0891 0.761532

61.7026 0
61.7026 0.988343

54.572 0
54.572 0.999992

48.4739 0
48.4739 1

43.2306 0
43.2306 1

38.6994 0
38.6994 1

34.7652 0
34.7652 1

31.3341 0
31.3341 1

28.3295 0
28.3295 1

25.6878 0
25.6878 1

23.3569 0
23.3569 1

21.2929 0
21.2929 1

19.4592 0
19.4592 1

17.8251 0
17.8251 1

16.3645 0
16.3645 1

15.0553 0
15.0553 1

13.8788 0
13.8788 1

12.8187 0
12.8187 1

11.8612 0
11.8612 1

10.9944 0
10.9944 1

10.208 0
10.208 1

9.49294 0
9.49294 1

8.8415 0
8.8415 1

8.24684 0
8.24684 1

7.703 0
7.703 1

7.20475 0
7.20475 1

6.74749 0
6.74749 1

6.32715 0
6.32715 1

5.94013 0
5.94013 1

5.58324 0
5.58324 1

5.25366 0
5.25366 1

4.94886 0
4.94886 1

4.6666 0
4.6666 1

4.40485 0
4.40485 1

4.16182 0
4.16182 1

3.93589 4.10327e-12
3.93589 1

3.7256 2.05164e-11
3.7256 1

3.52965 1.27201e-10
3.52965 1

3.34685 6.60627e-10
3.34685 1

3.17614 3.06104e-09
3.17614 1

3.01654 1.29212e-08
3.01654 1

2.86719 4.99861e-08
2.86719 1

2.72728 1.78283e-07
2.72728 1

2.5961 5.89874e-07
2.5961 1

2.47297 1.82051e-06
2.47297 1

2.35732 5.26746e-06
2.35732 1

2.24857 1.43542e-05
2.24857 1

2.14624 3.69962e-05
2.14624 1

2.04987 9.05319e-05
2.04987 1

1.95903 0.000211077
1.95903 1

1.87334 0.000470402
1.87334 1

1.79245 0.00100497
1.79245 1

1.71602 0.00206362
1.71602 1

1.64377 0.0040823
1.64377 1

1.57541 0.0077953
1.57541 1

1.51069 0.0143908
1.51069 1

1.44938 0.0257106
1.44938 1

1.39125 0.0444706
1.39125 1

1.33611 0.0744322
1.33611 1

1.28377 0.120365
1.28377 1

1.23406 0.18752
1.23406 1

1.18681 0.280239
1.18681 1

1.14188 0.399428
1.14188 1

1.09913 0.539315
1.09913 1

1.05843 0.685336
1.05843 1

1.01967 0.816347
1.01967 1

0.982725 0.913076
0.982725 1

0.947496 0.968747
0.947496 1

0.913888 0.992124
0.913888 1

0.881808 0.998738
0.881808 1

0.851173 0.999886
0.851173 1

0.821903 0.999995
0.821903 1

0.793925 1
0.793925 1

0.767168 1
0.767168 1

0.741569 1
0.741569 1

0.717067 1
0.717067 1

0.693603 1
0.693603 1

0.671125 1
0.671125 1

0.649582 1
0.649582 1

0.628927 1
0.628927 1

