1.58001e+11 0
1.58001e+11 0

424423 0
424423 0

125755 0
125755 0

53052.8 0
53052.8 0

27163 0
27163 0

15719.4 0
15719.4 0

9899.07 0
9899.07 0

6631.6 0
6631.6 0

4657.59 0
4657.59 0

3395.38 0
3395.38 0

2551 0
2551 0

1964.92 0
1964.92 0

1545.46 0
1545.46 0

1237.38 0
1237.38 0

1006.04 0
1006.04 0

828.95 0
828.95 0

691.101 0
691.101 0

582.198 0
582.198 0

495.026 0
495.026 0

424.423 0
424.423 0

366.632 0
366.632 0

318.875 0
318.875 0

279.065 0
279.065 2.74969e-12

245.615 0
245.615 2.47472e-10

217.304 0
217.304 8.48279e-09

193.183 0
193.183 1.75722e-07

172.503 0
172.503 2.39811e-06

154.673 0
154.673 2.31436e-05

139.218 0
139.218 0.000167169

125.755 0
125.755 0.000945876

113.973 0
113.973 0.00434718

103.619 0
103.619 0.0166772

94.4815 0
94.4815 0.054292

86.3877 0
86.3877 0.150124

79.1926 0
79.1926 0.345218

72.7748 0
72.7748 0.631853

67.0322 0
67.0322 0.885156

61.8782 0
61.8782 0.987055

57.2394 0
57.2394 0.999717

53.0528 0
53.0528 0.999999

49.2648 0
49.2648 1

45.829 0
45.829 1

42.7054 0
42.7054 1

39.8594 0
39.8594 1

37.2607 0
37.2607 1

34.8831 0
34.8831 1

32.7036 0
32.7036 1

30.7019 0
30.7019 1

28.8603 0
28.8603 1

27.163 0
27.163 1

25.5963 0
25.5963 1

24.1479 0
24.1479 1

22.8066 0
22.8066 1

21.5629 0
21.5629 1

20.408 0
20.408 1

19.3341 0
19.3341 1

18.3343 0
18.3343 1

17.4022 0
17.4022 1

16.5323 0
16.5323 1

15.7194 0
15.7194 1

14.9589 0
14.9589 1

14.2467 0
14.2467 1

13.579 0
13.579 1

12.9524 0
12.9524 1

12.3637 0
12.3637 1

11.8102 0
11.8102 1

11.2892 0
11.2892 1

10.7985 0
10.7985 1

10.3357 0
10.3357 1

9.89907 0
9.89907 1

9.48666 0
9.48666 1

9.09685 0
9.09685 1

8.7281 0
8.7281 1

8.37902 0
8.37902 1

8.04831 0
8.04831 1

7.73478 0
7.73478 1

7.43732 0
7.43732 1

7.15492 0
7.15492 1

6.88664 0
6.88664 1

6.6316 0
6.6316 1

6.38901 0
6.38901 1

6.1581 0
6.1581 1

5.93819 0
5.93819 1

5.72863 0
5.72863 1

5.52881 0
5.52881 1

5.33818 0
5.33818 1

5.15621 0
5.15621 1

4.98242 0
4.98242 1

4.81636 0
4.81636 1

4.65759 0
4.65759 1

4.50572 0
4.50572 1

4.36039 0
4.36039 1

4.22124 0
4.22124 1

4.08794 0
4.08794 1

3.96021 4.10327e-12
3.96021 1

3.83773 8.20655e-12
3.83773 1

3.72026 2.46196e-11
3.72026 1

3.60753 6.56524e-11
3.60753 1

3.49931 1.68234e-10
3.49931 1

3.39538 4.2674e-10
3.39538 1

3.29552 1.04633e-09
3.29552 1

3.19954 2.47838e-09
3.19954 1

3.10725 5.69534e-09
3.10725 1

3.01848 1.26996e-08
3.01848 1

2.93306 2.75124e-08
2.93306 1

2.85083 5.79875e-08
2.85083 1

2.77164 1.19069e-07
2.77164 1

2.69536 2.38441e-07
2.69536 1

2.62186 4.66201e-07
2.62186 1

2.551 8.9089e-07
2.551 1

2.48267 1.66561e-06
2.48267 1

2.41677 3.04948e-06
2.41677 1

2.35317 5.47231e-06
2.35317 1

2.29179 9.63329e-06
2.29179 1

2.23252 1.66489e-05
2.23252 1

2.17528 2.82707e-05
2.17528 1

2.11998 4.71997e-05
2.11998 1

2.06653 7.75338e-05
2.06653 1

2.01487 0.000125393
2.01487 1

1.96492 0.000199783
1.96492 1

1.9166 0.000313759
1.9166 1

1.86986 0.000485991
1.86986 1

1.82462 0.000742816
1.82462 1

1.78083 0.00112091
1.78083 1

1.73844 0.00167067
1.73844 1

1.69737 0.00246058
1.69737 1

1.65759 0.00358241
1.65759 1

1.61904 0.00515781
1.61904 1

1.58168 0.00734591
1.58168 1

1.54546 0.0103523
1.54546 1

1.51034 0.0144392
1.51034 1

1.47627 0.0199361
1.47627 1

1.44322 0.0272507
1.44322 1

1.41115 0.036879
1.41115 1

1.38003 0.0494118
1.38003 1

1.34981 0.065536
1.34981 1

1.32046 0.0860263
1.32046 1

1.29197 0.111723
1.29197 1

1.26428 0.143488
1.26428 1

1.23738 0.182139
1.23738 1

1.21124 0.228345
1.21124 1

1.18583 0.2825
1.18583 1

1.16113 0.344563
1.16113 1

1.13711 0.413891
1.13711 1

1.11374 0.489103
1.11374 1

1.09101 0.568003
1.09101 1

1.0689 0.647641
1.0689 1

1.04738 0.724538
1.04738 1

1.02643 0.7951
1.02643 1

1.00604 0.856175
1.00604 1

0.986183 0.905618
0.986183 1

0.966847 0.942698
0.966847 1

0.948013 0.968187
0.948013 1

0.929665 0.984058
0.929665 1

0.911787 0.992892
0.911787 1

0.894365 0.997224
0.894365 1

0.877384 0.999067
0.877384 1

0.86083 0.999735
0.86083 1

0.84469 0.999938
0.84469 1

0.82895 0.999988
0.82895 1

0.8136 0.999998
0.8136 1

0.798626 1
0.798626 1

0.784017 1
0.784017 1

0.769763 1
0.769763 1

