6.30377e+08 0
6.30377e+08 0

2.44692e+07 0
2.44692e+07 0

3.65805e+06 0
3.65805e+06 0

949817 0
949817 0

333738 0
333738 0

141994 0
141994 0

68941.1 0
68941.1 0

36868.9 0
36868.9 0

21227.5 0
21227.5 0

12954.6 0
12954.6 0

8287.26 0
8287.26 0

5511.75 0
5511.75 0

3787.5 0
3787.5 0

2676.07 0
2676.07 0

1936.67 0
1936.67 0

1431.13 0
1431.13 0

1077.14 0
1077.14 0

823.984 0
823.984 0

639.527 0
639.527 0

502.858 0
502.858 0

400.062 0
400.062 0

321.685 0
321.685 0

261.182 0
261.182 3.5746e-11

213.948 0
213.948 1.2918e-08

176.69 0
176.69 1.41102e-06

147.019 0
147.019 6.15232e-05

123.182 0
123.182 0.00131882

103.877 0
103.877 0.0161284

88.1222 0
88.1222 0.121264

75.1753 0
75.1753 0.515365

64.4655 0
64.4655 0.953181

55.552 0
55.552 0.999966

48.0906 0
48.0906 1

41.811 0
41.811 1

36.4992 0
36.4992 1

31.9844 0
31.9844 1

28.1297 0
28.1297 1

24.8244 0
24.8244 1

21.9787 0
21.9787 1

19.5193 0
19.5193 1

17.386 0
17.386 1

15.5291 0
15.5291 1

13.9075 0
13.9075 1

12.4868 0
12.4868 1

11.2384 0
11.2384 1

10.1383 0
10.1383 1

9.16612 0
9.16612 1

8.30479 0
8.30479 1

7.53973 0
7.53973 1

6.85853 0
6.85853 1

6.25058 0
6.25058 1

5.7068 0
5.7068 1

5.21937 0
5.21937 1

4.78154 0
4.78154 1

4.38749 0
4.38749 1

4.03216 0
4.03216 1

3.71115 2.46196e-11
3.71115 1

3.42062 3.40572e-10
3.42062 1

3.15724 3.62729e-09
3.15724 1

2.91806 3.15131e-08
2.91806 1

2.70052 2.27498e-07
2.70052 1

2.50235 1.39084e-06
2.50235 1

2.32154 7.32233e-06
2.32154 1

2.15635 3.36879e-05
2.15635 1

2.0052 0.000137213
2.0052 1

1.86672 0.000500485
1.86672 1

1.73968 0.00165124
1.73968 1

1.62297 0.00496968
1.62297 1

1.51563 0.0137334
1.51563 1

1.41678 0.0349737
1.41678 1

1.32565 0.0820038
1.32565 1

1.24153 0.175621
1.24153 1

1.16381 0.33738
1.16381 1

1.0919 0.564832
1.0919 1

1.02532 0.798643
1.02532 1

0.963604 0.947817
0.963604 1

0.906335 0.99461
0.906335 1

0.853144 0.999863
0.853144 1

0.803694 1
0.803694 1

0.757679 1
0.757679 1

0.714821 1
0.714821 1

0.67487 1
0.67487 1

0.637597 1
0.637597 1

