1.26311e+07 0
1.26311e+07 0

2.65536e+06 0
2.65536e+06 0

1.0664e+06 0
1.0664e+06 0

558221 0
558221 0

337877 0
337877 0

224182 0
224182 0

158479 0
158479 0

97710 0
97710 0

60999.8 0
60999.8 0

40022 0
40022 0

27335.6 0
27335.6 0

19300.7 0
19300.7 0

14012.8 0
14012.8 0

10418.1 0
10418.1 0

7905.58 0
7905.58 0

6106.87 0
6106.87 0

4791.85 0
4791.85 0

3812.49 0
3812.49 0

3071.03 0
3071.03 0

2501.37 0
2501.37 0

2057.89 0
2057.89 0

1708.47 0
1708.47 0

1430.17 0
1430.17 0

1206.3 0
1206.3 0

1024.56 0
1024.56 0

875.801 0
875.801 0

753.085 0
753.085 0

651.128 0
651.128 0

565.857 0
565.857 0

494.099 0
494.099 0

433.363 0
433.363 0

381.68 0
381.68 0

337.476 0
337.476 0

299.491 0
299.491 0

266.702 0
266.702 1.92478e-11

238.281 0
238.281 6.1593e-10

213.546 0
213.546 1.35862e-08

191.94 0
191.94 2.05534e-07

172.998 0
172.998 2.25241e-06

156.336 0
156.336 1.87216e-05

141.633 0
141.633 0.000122636

128.618 0
128.618 0.000653701

117.064 0
117.064 0.00291152

106.78 0
106.78 0.0110633

97.5998 0
97.5998 0.0363574

89.3856 0
89.3856 0.103602

82.0177 0
82.0177 0.252214

75.3935 0
75.3935 0.505152

69.4248 0
69.4248 0.791452

64.0352 0
64.0352 0.961034

59.1586 0
59.1586 0.998147

54.7376 0
54.7376 0.99999

50.7219 0
50.7219 1

47.0678 0
47.0678 1

43.7369 0
43.7369 1

40.6955 0
40.6955 1

37.914 0
37.914 1

35.3661 0
35.3661 1

33.0286 0
33.0286 1

30.8812 0
30.8812 1

28.9054 0
28.9054 1

27.0852 0
27.0852 1

25.406 0
25.406 1

23.855 0
23.855 1

22.4205 0
22.4205 1

21.0923 0
21.0923 1

19.8609 0
19.8609 1

18.7182 0
18.7182 1

17.6564 0
17.6564 1

16.6689 0
16.6689 1

15.7494 0
15.7494 1

14.8925 0
14.8925 1

14.0931 0
14.0931 1

13.3466 0
13.3466 1

12.6489 0
12.6489 1

11.9962 0
11.9962 1

11.3851 0
11.3851 1

10.8124 0
10.8124 1

10.2752 0
10.2752 1

9.771 0
9.771 1

9.29734 0
9.29734 1

8.85204 0
8.85204 1

8.43308 0
8.43308 1

8.03862 0
8.03862 1

7.66696 0
7.66696 1

7.31653 0
7.31653 1

6.98589 0
6.98589 1

6.67372 0
6.67372 1

6.3788 0
6.3788 1

6.09998 0
6.09998 1

5.83624 0
5.83624 1

5.5866 0
5.5866 1

5.35016 0
5.35016 1

5.1261 0
5.1261 1

4.91365 0
4.91365 1

4.71209 0
4.71209 1

4.52076 0
4.52076 1

4.33905 0
4.33905 1

4.16637 0
4.16637 1

4.0022 0
4.0022 1

3.84604 8.20655e-12
3.84604 1

3.69741 2.87229e-11
3.69741 1

3.5559 1.02582e-10
3.5559 1

3.4211 3.36468e-10
3.4211 1

3.29262 1.07095e-09
3.29262 1

3.17012 3.22928e-09
3.17012 1

3.05326 9.2734e-09
3.05326 1

2.94174 2.54321e-08
2.94174 1

2.83526 6.67931e-08
2.83526 1

2.73356 1.68386e-07
2.73356 1

2.63637 4.08341e-07
2.63637 1

2.54347 9.54433e-07
2.54347 1

2.45462 2.15421e-06
2.45462 1

2.36962 4.70347e-06
2.36962 1

2.28827 9.95068e-06
2.28827 1

2.21038 2.043e-05
2.21038 1

2.13577 4.07663e-05
2.13577 1

2.06429 7.91679e-05
2.06429 1

1.99577 0.000149822
1.99577 1

1.93007 0.000276635
1.93007 1

1.86706 0.000498929
1.86706 1

1.80659 0.000879895
1.80659 1

1.74855 0.00151884
1.74855 1

1.69282 0.00256844
1.69282 1

1.6393 0.00425851
1.6393 1

1.58788 0.00692752
1.58788 1

1.53845 0.0110632
1.53845 1

1.49094 0.0173523
1.49094 1

1.44524 0.0267365
1.44524 1

1.40128 0.0404701
1.40128 1

1.35898 0.0601634
1.35898 1

1.31827 0.0877885
1.31827 1

1.27906 0.125608
1.27906 1

1.24131 0.175969
1.24131 1

1.20494 0.240903
1.20494 1

1.16988 0.321483
1.16988 1

1.1361 0.416981
1.1361 1

1.10353 0.524003
1.10353 1

1.07211 0.636024
1.07211 1

1.04181 0.74388
1.04181 1

1.01256 0.837649
1.01256 1

0.984341 0.909636
0.984341 1

0.957094 0.957159
0.957094 1

0.930784 0.983309
0.930784 1

0.905371 0.994876
0.905371 1

0.88082 0.998819
0.88082 1

0.857096 0.999807
0.857096 1

0.834165 0.999979
0.834165 1

0.811996 0.999999
0.811996 1

0.790558 1
0.790558 1

0.769823 1
0.769823 1

0.749764 1
0.749764 1

0.730353 1
0.730353 1

0.711567 1
0.711567 1

0.693381 1
0.693381 1

0.675772 1
0.675772 1

0.658719 1
0.658719 1

0.6422 1
0.6422 1

0.626196 1
0.626196 1

