8754.91 0.00430105
8789.29 0.00424925
8020.64 0.00422483
7888.45 0.00612023
7963.56 0.00842184
7936.35 0.0108829
7942.19 0.0134329
7989.75 0.0159671
7959.83 0.0185607
7990.41 0.0211473
7996.12 0.0237397
7994.73 0.0263266
8012.68 0.0289055
7994.96 0.031515
8010.78 0.0341145
8020.4 0.0367035
8007.32 0.0393009
8024.13 0.041911
8015.96 0.0445102
8029.48 0.047113
8051.37 0.0496965
8030.89 0.0514862
8033.35 0.052465
8035.41 0.0538696
8021.01 0.0547725
8001 0.0558554
8005.74 0.0568892
8013.64 0.0578808
7994.99 0.0588387
7996.12 0.0597602
7986.79 0.0606568
7971.66 0.0615217
7969.06 0.0621924
7974.88 0.0630016
7987.16 0.0637736
7976.97 0.0645256
7974.43 0.065254
7988.96 0.0659483
7983.55 0.0666209
7986.33 0.0672739
7983.11 0.0679131
7983.32 0.0685375
7988.47 0.0691339
7980.29 0.0697141
7976.31 0.0701659
7973.83 0.0707153
7982.76 0.0712353
7985.52 0.0716374
7983.51 0.0721305
7993.09 0.0726007
7990.95 0.0730598
7993.42 0.0734096
7989.2 0.0738358
7994.73 0.0741642
7989.08 0.0746409
7985.11 0.0750383
7986.28 0.075345
7976.76 0.0757207
7968.12 0.0760968
7955.75 0.07647
7958.44 0.076837
7948.58 0.0771984
7949.35 0.0775512
7949.65 0.0778956
7952.06 0.0781646
7953.9 0.0784946
7945.02 0.0788134
7946.04 0.0791304
7949.38 0.0794413
7953.78 0.0797434
7957.27 0.080039
7961.01 0.0803271
7955.9 0.0805558
7952.05 0.080835
7953.35 0.0811117
7947.83 0.081382
7938.92 0.081651
7937.14 0.0818661
7929.6 0.0821268
7929.77 0.0823313
7933.48 0.0825755
7933.04 0.0828109
7933.81 0.0829956
7934.07 0.083219
7933.46 0.0834396
7938.57 0.0836553
7940.36 0.0838636
7938.7 0.0840279
7928.79 0.0842319
7924.54 0.0844369
7927.62 0.0846388
7926.85 0.0848412
7923.6 0.0850399
7925.78 0.0852369
7927.08 0.0853894
7927.54 0.0855765
7926.6 0.0857599
7929.88 0.0859014
7932.12 0.086069
7931.3 0.0861993
7932.29 0.0863555
7930.12 0.0865124
7930.35 0.0866686
7934.17 0.08682
7929.95 0.0869391
7927.53 0.087089
7926.29 0.0872391
7929.2 0.0873862
7922.66 0.0875333
7922.12 0.0876474
7922.91 0.0877868
7921.54 0.0879236
7914.27 0.0880323
7912.23 0.088171
7906.35 0.0883104
7906.61 0.0884483
7907.14 0.0885868
7905.9 0.0887213
7899.73 0.0888592
7901.77 0.0889975
7904.36 0.0891059
7904.17 0.0892388
7903.26 0.0893675
7899.68 0.0894967
7899.38 0.0896261
7901 0.0897294
7904.79 0.0898522
7908.92 0.0899695
7907.14 0.0900874
7910.26 0.0901786
7911.14 0.090289
7915.3 0.0903932
7911.74 0.0904772
7914.05 0.090579
7914.9 0.0906558
7914.43 0.0907489
7918.51 0.0908205
7916.31 0.0909079
7917.58 0.0909943
7919.18 0.0910772
7916.63 0.0911406
7919.6 0.0912196
7919.67 0.0912985
7922.26 0.0913768
7923.91 0.0914504
7923.57 0.0915069
7922.08 0.0915768
7923.15 0.0916482
7921.49 0.0917199
7915.82 0.0917946
7914 0.091872
7912.3 0.0919498
7911.15 0.0920295
7909.87 0.0921097
7908.21 0.0921889
7906.62 0.0922701
7908.02 0.092334
7908.31 0.0924134
7910.22 0.0924901
7907.57 0.0925672
7907.85 0.0926458
7908.39 0.0927212
7907.41 0.0927987
7907.2 0.0928754
7904.79 0.0929537
7906.3 0.0930318
7903.01 0.0931112
7904.21 0.0931728
7904.27 0.0932497
7904.39 0.0933252
7905.09 0.0933835
7906.07 0.0934523
7905.84 0.0935053
7903.01 0.0935729
7903.13 0.0936383
7906.25 0.0936889
7907.28 0.0937484
7907.54 0.0938079
7908.28 0.0938666
7906.56 0.0939267
7906.23 0.0939745
7906.23 0.0940338
7907.52 0.0940925
7908.95 0.094148
7908.1 0.0941922
7908.75 0.094246
7907.58 0.0942986
7906.34 0.094341
7906.04 0.0943925
7907.58 0.0944434
7907.29 0.0944932
7905.63 0.0945437
7902.55 0.0945968
7902.83 0.0946509
7903.86 0.0946916
7903.72 0.0947423
7905.96 0.0947932
7905.19 0.094844
7900.98 0.0948947
7901.54 0.0949469
7901.11 0.0949881
7900.68 0.0950398
7898.32 0.0950904
7898.63 0.0951412
7899.38 0.0951928
7899.99 0.0952436
7900.06 0.0952841
7900.05 0.0953338
7899.1 0.0953829
7897.64 0.0954322
7897.7 0.0954822
7896.14 0.0955229
7897.02 0.0955718
7899.02 0.0956085
7898.49 0.0956527
7897.57 0.0956988
7897.89 0.0957446
7896.38 0.0957907
7896.89 0.0958377
7898.89 0.0958729
7902.01 0.0959135
7903.34 0.0959524
7901.14 0.0959829
7902.49 0.0960207
7904.22 0.0960565
7906.23 0.0960915
7903.66 0.0961278
7903.79 0.0961557
7905.13 0.0961908
7903.69 0.096225
7903.45 0.0962527
7904.6 0.0962855
7907.22 0.0963165
7907.68 0.0963466
7907.63 0.096377
7907.5 0.0964076
7907.56 0.096431
7908.55 0.0964597
7906.69 0.0964884
7908.1 0.0965109
7907.79 0.0965448
7906.81 0.0965741
7908.22 0.096605
7907.81 0.0966353
7910.27 0.0966648
7910.31 0.0966883
7910.6 0.0967249
7911.46 0.0967474
7910.01 0.0967756
7909.57 0.0968038
7910.54 0.0968324
7912.74 0.0968536
7912.67 0.0968859
7913.71 0.0969078
7912.6 0.0969346
7914.25 0.0969616
7916.22 0.0969872
7918.15 0.0970114
7918.93 0.0970304
7919.58 0.0970526
7920.12 0.0970742
7919.89 0.0970963
7920.67 0.0971179
7918.85 0.0971398
7918.93 0.0971571
7921.22 0.0971782
7921.81 0.0971991
7923.54 0.0972192
7924.1 0.0972391
7921.92 0.0972594
7922.48 0.0972797
7922.17 0.0972957
7921.32 0.0973216
7922.11 0.0973434
7923.29 0.0973601
7925.49 0.0973792
7924.7 0.0973993
7925.57 0.0974189
7923.97 0.0974401
7923.37 0.0974625
7923.64 0.0974908
7923.29 0.0975091
7922.55 0.0975332
7921.16 0.0975572
7918.02 0.0975822
7919.04 0.0976083
7916.53 0.0976356
7917.61 0.0976634
7919.01 0.0976913
7916.18 0.0977142
7915.69 0.0977423
7916.63 0.0977697
7917.54 0.0977909
7915.4 0.0978178
7916.57 0.0978508
7914.38 0.0978801
7915.65 0.0979034
7915.31 0.0979317
7915.58 0.0979605
7915.6 0.0979894
7915.61 0.0980117
7918.35 0.0980375
7919.4 0.0980623
7919.89 0.0980858
7920.15 0.0981044
7921.22 0.0981255
7921.47 0.098146
7921.61 0.0981618
7922.05 0.0981813
7922.79 0.0981994
7922.74 0.0982131
7925.18 0.0982296
7924 0.0982445
7923.97 0.0982612
7925.08 0.0982732
7926.67 0.098287
7926.29 0.0983006
7926.52 0.0983137
7925.89 0.0983273
7925.86 0.0983419
7924.15 0.098353
7924.64 0.0983674
7923.41 0.0983857
7921.55 0.0984035
7920.79 0.098419
7920.63 0.0984382
7919.48 0.0984584
7916.5 0.0984801
7917.27 0.0985027
7916.63 0.098525
7915.21 0.098549
7915.47 0.0985733
7916.14 0.0985977
7915.88 0.0986217
7913.7 0.098647
7914.49 0.098673
7914.33 0.0986993
7914.48 0.0987195
7912.92 0.0987457
7912.43 0.0987722
7914.2 0.0987979
7914.03 0.0988172
7912.72 0.0988418
7914.37 0.0988661
7913.58 0.0988847
7914.22 0.0989066
7912.26 0.0989285
7912.24 0.0989457
7909.54 0.0989636
7907.9 0.0989856
7906.38 0.0990087
7908.17 0.099031
7907.3 0.0990483
7905.44 0.0990717
7905 0.0990953
7904.96 0.0991185
7905.26 0.099136
7904.71 0.0991585
7905.23 0.0991808
7903.92 0.0992034
7904.2 0.0992205
7903.48 0.0992424
7902.6 0.0992649
7902.59 0.099288
7900.78 0.0993113
7900.38 0.0993307
7900.11 0.0993554
7899.67 0.0993802
7898.6 0.0994044
7898.75 0.099423
7898.38 0.0994405
7898.98 0.0994617
7899.02 0.0994818
7899.88 0.0995025
7900.81 0.0995177
7900.96 0.0995352
7902.17 0.0995521
7901.74 0.0995655
7900.72 0.0995825
7900.91 0.0996004
7902.16 0.0996168
7903.01 0.0996289
7901.3 0.0996443
7901.06 0.0996608
7900.72 0.0996767
7900.98 0.0996888
7900.34 0.0997034
7901.01 0.0997142
7901.4 0.0997273
7902.68 0.0997401
7902.04 0.0997492
7901.71 0.099761
7902.12 0.0997725
7901.75 0.0997843
7900.46 0.0997969
7898.56 0.0998109
7899.2 0.0998256
7899.74 0.0998405
7898.99 0.0998554
7899.1 0.099867
7900.93 0.0998801
7900.12 0.0998939
7899.18 0.0999096
7897.09 0.0999254
7895.79 0.0999384
7897.36 0.099954
7898.61 0.0999683
7897.6 0.09998
7897.08 0.0999988
7896.11 0.100011
7896.52 0.100031
7896.87 0.100043
7897.35 0.100058
7896.56 0.100074
7896.43 0.100087
7897.55 0.100101
7897.55 0.100112
7897.79 0.100125
7899 0.100138
7897.37 0.10015
7896.7 0.100164
7896.69 0.100178
7897.62 0.100193
7897.53 0.100203
7896.72 0.100213
7896.95 0.100225
7896.36 0.100237
7896.73 0.10025
7897.55 0.100262
7896.97 0.100271
7897.39 0.100282
7897.99 0.100293
7896.83 0.100304
7897.32 0.100315
7896.69 0.100325
7896.68 0.100336
7895.84 0.100348
7896.65 0.10036
7896.93 0.100372
7897.97 0.100383
7899.2 0.100392
7898.39 0.100402
7897.65 0.100412
7899.13 0.100422
7898.05 0.100432
7898.66 0.10044
7899.56 0.10045
7899.71 0.100458
7899.14 0.100467
7899.19 0.100477
7899.05 0.100484
7900.24 0.100493
7898.72 0.100503
7898.01 0.100512
7899.03 0.100522
7898.84 0.100529
7899.93 0.100538
7899.83 0.100546
7898.8 0.100554
7899.41 0.100561
7900.67 0.100571
7899.78 0.100581
7899.15 0.100588
7898.09 0.100598
7898.2 0.100608
7897.66 0.100618
7897.1 0.100629
7897.87 0.100641
7897.85 0.100652
7898.09 0.10066
7898.07 0.10067
7898.32 0.10068
7898.22 0.100691
7897.76 0.1007
7898.04 0.10071
7897.77 0.100719
7898.09 0.10073
7897.89 0.10074
7897.81 0.100751
7896.61 0.100759
7895.16 0.100771
7894.14 0.100784
7893.36 0.100797
7893 0.100808
7894.36 0.10082
7894.76 0.100832
7895.74 0.10084
7896.84 0.10085
7897.66 0.100859
7899.08 0.100868
7900.14 0.100876
7900.11 0.100884
7899.81 0.10089
7899.41 0.100898
7897.95 0.100907
7898.15 0.100916
7898.91 0.100923
7899.48 0.100931
7898.56 0.100939
7899.02 0.100947
