10915.4 0.00270084
14227.3 0.00110289
15078.6 0.000732838
15455.6 0.000574244
15668.6 0.000486136
15805.6 0.000430068
15901.1 0.000391251
15971.6 0.000362785
16025.6 0.000341017
16068.5 0.000323832
16103.2 0.000309921
16132 0.000298428
16156.2 0.000288775
16176.9 0.000280551
16194.7 0.000273462
16210.2 0.000267288
16223.9 0.000261862
16236 0.000257056
16246.8 0.00025277
16256.6 0.000248923
16265.3 0.000245452
16273.3 0.000242303
16280.6 0.000239434
16287.2 0.00023681
16293.3 0.0002344
16298.9 0.000232178
16304.1 0.000230125
16309 0.000228221
16313.5 0.00022645
16317.6 0.0002248
16321.6 0.000223257
16325.2 0.000221813
16328.7 0.000220457
16331.9 0.000219183
16335 0.000217982
16337.8 0.000216849
16340.6 0.000215778
16343.1 0.000214764
16345.6 0.000213803
16347.9 0.000212891
16350.1 0.000212023
16352.2 0.000211197
16354.2 0.000210411
16356.1 0.00020966
16357.9 0.000208943
16359.7 0.000208258
16361.3 0.000207602
16362.9 0.000206974
16364.5 0.000206371
16366 0.000205793
16367.4 0.000205238
16368.7 0.000204705
16370 0.000204191
16371.3 0.000203697
16372.5 0.000203221
16373.7 0.000202763
16374.8 0.00020232
16375.9 0.000201893
16376.9 0.00020148
16378 0.000201082
16378.9 0.000200696
16379.9 0.000200323
16380.8 0.000199962
16381.7 0.000199612
16382.6 0.000199274
16383.4 0.000198945
16384.2 0.000198627
16385 0.000198317
16385.8 0.000198017
16386.5 0.000197726
16387.2 0.000197443
16387.9 0.000197167
16388.6 0.0001969
16389.3 0.000196639
16389.9 0.000196386
16390.6 0.000196139
16391.2 0.000195899
16391.8 0.000195665
16392.3 0.000195437
16392.9 0.000195214
16393.5 0.000194997
16394 0.000194786
16394.5 0.00019458
16395 0.000194378
16395.5 0.000194181
16396 0.000193989
16396.5 0.000193802
16397 0.000193618
16397.4 0.000193439
16397.9 0.000193264
16398.3 0.000193093
16398.7 0.000192925
16399.2 0.000192761
16399.6 0.000192601
16400 0.000192444
16400.4 0.00019229
16400.8 0.000192139
16401.1 0.000191992
16401.5 0.000191847
16401.9 0.000191706
16402.2 0.000191567
16402.6 0.000191431
16402.9 0.000191298
16403.2 0.000191167
16403.6 0.000191038
16403.9 0.000190913
16404.2 0.000190789
16404.5 0.000190668
16404.8 0.000190549
16405.1 0.000190432
16405.4 0.000190317
16405.7 0.000190205
16406 0.000190094
16406.3 0.000189985
16406.5 0.000189879
16406.8 0.000189774
16407.1 0.000189671
16407.3 0.000189569
16407.6 0.00018947
16407.8 0.000189372
16408.1 0.000189275
16408.3 0.00018918
16408.5 0.000189087
16408.8 0.000188995
16409 0.000188905
16409.2 0.000188816
16409.5 0.000188729
16409.7 0.000188643
16409.9 0.000188558
16410.1 0.000188475
16410.3 0.000188393
16410.5 0.000188312
16410.7 0.000188232
16410.9 0.000188154
16411.1 0.000188076
16411.3 0.000188
16411.5 0.000187925
16411.7 0.000187851
16411.9 0.000187778
16412.1 0.000187707
16412.3 0.000187636
16412.4 0.000187566
16412.6 0.000187497
16412.8 0.000187429
16413 0.000187362
16413.1 0.000187296
16413.3 0.000187231
16413.4 0.000187167
16413.6 0.000187104
16413.8 0.000187041
16413.9 0.00018698
16414.1 0.000186919
16414.2 0.000186859
16414.4 0.000186799
16414.5 0.000186741
16414.7 0.000186683
16414.8 0.000186626
16415 0.00018657
16415.1 0.000186514
16415.3 0.000186459
16415.4 0.000186405
16415.5 0.000186352
16415.7 0.000186299
16415.8 0.000186246
16415.9 0.000186195
16416.1 0.000186144
16416.2 0.000186094
16416.3 0.000186044
16416.4 0.000185995
16416.6 0.000185946
16416.7 0.000185898
16416.8 0.000185851
16416.9 0.000185804
16417.1 0.000185757
16417.2 0.000185711
16417.3 0.000185666
16417.4 0.000185621
16417.5 0.000185577
16417.6 0.000185533
16417.7 0.00018549
16417.8 0.000185447
16418 0.000185405
16418.1 0.000185363
16418.2 0.000185321
16418.3 0.00018528
16418.4 0.00018524
16418.5 0.0001852
16418.6 0.00018516
16418.7 0.000185121
16418.8 0.000185082
16418.9 0.000185043
16419 0.000185005
16419.1 0.000184968
16419.2 0.000184931
16419.3 0.000184894
16419.4 0.000184857
16419.4 0.000184821
16419.5 0.000184785
16419.6 0.00018475
16419.7 0.000184715
16419.8 0.00018468
16419.9 0.000184646
16420 0.000184612
16420.1 0.000184578
16420.1 0.000184545
16420.2 0.000184512
16420.3 0.000184479
16420.4 0.000184447
16420.5 0.000184415
16420.6 0.000184383
16420.6 0.000184351
16420.7 0.00018432
16420.8 0.000184289
16420.9 0.000184259
16421 0.000184228
16421 0.000184198
16421.1 0.000184169
16421.2 0.000184139
16421.3 0.00018411
16421.3 0.000184081
16421.4 0.000184052
16421.5 0.000184024
16421.6 0.000183996
16421.6 0.000183968
16421.7 0.00018394
16421.8 0.000183913
16421.8 0.000183886
16421.9 0.000183859
16422 0.000183832
16422 0.000183806
16422.1 0.000183779
16422.2 0.000183753
16422.2 0.000183728
16422.3 0.000183702
16422.4 0.000183677
16422.4 0.000183652
16422.5 0.000183627
16422.6 0.000183602
16422.6 0.000183577
16422.7 0.000183553
16422.7 0.000183529
16422.8 0.000183505
16422.9 0.000183481
16422.9 0.000183458
16423 0.000183435
16423 0.000183412
16423.1 0.000183389
16423.2 0.000183366
16423.2 0.000183343
16423.3 0.000183321
16423.3 0.000183299
16423.4 0.000183277
16423.4 0.000183255
16423.5 0.000183233
16423.6 0.000183212
16423.6 0.00018319
16423.7 0.000183169
16423.7 0.000183148
16423.8 0.000183127
16423.8 0.000183107
16423.9 0.000183086
16423.9 0.000183066
16424 0.000183045
16424 0.000183025
16424.1 0.000183005
16424.1 0.000182986
16424.2 0.000182966
16424.2 0.000182947
16424.3 0.000182927
16424.3 0.000182908
16424.4 0.000182889
16424.4 0.00018287
16424.5 0.000182851
16424.5 0.000182833
16424.6 0.000182814
16424.6 0.000182796
16424.7 0.000182778
16424.7 0.00018276
16424.8 0.000182742
16424.8 0.000182724
16424.8 0.000182706
16424.9 0.000182689
16424.9 0.000182671
16425 0.000182654
16425 0.000182637
16425.1 0.00018262
16425.1 0.000182603
16425.2 0.000182586
16425.2 0.000182569
16425.2 0.000182552
16425.3 0.000182536
16425.3 0.00018252
16425.4 0.000182503
16425.4 0.000182487
16425.4 0.000182471
16425.5 0.000182455
16425.5 0.000182439
16425.6 0.000182424
16425.6 0.000182408
16425.7 0.000182392
16425.7 0.000182377
16425.7 0.000182362
16425.8 0.000182346
16425.8 0.000182331
16425.8 0.000182316
16425.9 0.000182301
16425.9 0.000182287
16426 0.000182272
16426 0.000182257
16426 0.000182243
16426.1 0.000182228
16426.1 0.000182214
16426.1 0.0001822
16426.2 0.000182185
16426.2 0.000182171
16426.3 0.000182157
16426.3 0.000182144
16426.3 0.00018213
16426.4 0.000182116
16426.4 0.000182102
16426.4 0.000182089
16426.5 0.000182075
16426.5 0.000182062
16426.5 0.000182049
16426.6 0.000182035
16426.6 0.000182022
16426.6 0.000182009
16426.7 0.000181996
16426.7 0.000181983
16426.7 0.000181971
16426.8 0.000181958
16426.8 0.000181945
16426.8 0.000181933
16426.9 0.00018192
16426.9 0.000181908
16426.9 0.000181895
16427 0.000181883
16427 0.000181871
16427 0.000181859
16427 0.000181846
16427.1 0.000181834
16427.1 0.000181823
16427.1 0.000181811
16427.2 0.000181799
16427.2 0.000181787
16427.2 0.000181775
16427.3 0.000181764
16427.3 0.000181752
16427.3 0.000181741
16427.3 0.00018173
16427.4 0.000181718
16427.4 0.000181707
16427.4 0.000181696
16427.5 0.000181685
16427.5 0.000181674
16427.5 0.000181663
16427.5 0.000181652
16427.6 0.000181641
16427.6 0.00018163
16427.6 0.000181619
16427.7 0.000181608
16427.7 0.000181598
16427.7 0.000181587
16427.7 0.000181577
16427.8 0.000181566
16427.8 0.000181556
16427.8 0.000181545
16427.8 0.000181535
16427.9 0.000181525
16427.9 0.000181515
16427.9 0.000181504
16427.9 0.000181494
16428 0.000181484
16428 0.000181474
16428 0.000181464
16428 0.000181455
16428.1 0.000181445
16428.1 0.000181435
16428.1 0.000181425
16428.1 0.000181416
16428.2 0.000181406
16428.2 0.000181396
16428.2 0.000181387
16428.2 0.000181378
16428.3 0.000181368
16428.3 0.000181359
16428.3 0.000181349
16428.3 0.00018134
16428.4 0.000181331
16428.4 0.000181322
16428.4 0.000181313
16428.4 0.000181304
16428.5 0.000181295
16428.5 0.000181286
16428.5 0.000181277
16428.5 0.000181268
16428.5 0.000181259
16428.6 0.00018125
16428.6 0.000181241
16428.6 0.000181233
16428.6 0.000181224
16428.7 0.000181215
16428.7 0.000181207
16428.7 0.000181198
16428.7 0.00018119
16428.7 0.000181181
16428.8 0.000181173
16428.8 0.000181164
16428.8 0.000181156
16428.8 0.000181148
16428.9 0.00018114
16428.9 0.000181131
16428.9 0.000181123
16428.9 0.000181115
16428.9 0.000181107
16429 0.000181099
16429 0.000181091
16429 0.000181083
16429 0.000181075
16429 0.000181067
16429.1 0.000181059
16429.1 0.000181051
16429.1 0.000181043
16429.1 0.000181036
16429.1 0.000181028
16429.2 0.00018102
16429.2 0.000181013
16429.2 0.000181005
16429.2 0.000180997
16429.2 0.00018099
16429.3 0.000180982
16429.3 0.000180975
16429.3 0.000180968
16429.3 0.00018096
16429.3 0.000180953
16429.3 0.000180945
16429.4 0.000180938
16429.4 0.000180931
16429.4 0.000180924
16429.4 0.000180916
16429.4 0.000180909
16429.5 0.000180902
16429.5 0.000180895
16429.5 0.000180888
16429.5 0.000180881
16429.5 0.000180874
16429.6 0.000180867
16429.6 0.00018086
16429.6 0.000180853
16429.6 0.000180846
16429.6 0.000180839
16429.6 0.000180833
16429.7 0.000180826
16429.7 0.000180819
16429.7 0.000180812
16429.7 0.000180806
16429.7 0.000180799
16429.7 0.000180792
16429.8 0.000180786
16429.8 0.000180779
16429.8 0.000180772
16429.8 0.000180766
16429.8 0.000180759
16429.8 0.000180753
16429.9 0.000180747
16429.9 0.00018074
16429.9 0.000180734
16429.9 0.000180727
16429.9 0.000180721
16429.9 0.000180715
16430 0.000180708
16430 0.000180702
16430 0.000180696
16430 0.00018069
16430 0.000180684
16430 0.000180677
16430.1 0.000180671
16430.1 0.000180665
16430.1 0.000180659
16430.1 0.000180653
16430.1 0.000180647
16430.1 0.000180641
16430.1 0.000180635
16430.2 0.000180629
16430.2 0.000180623
16430.2 0.000180617
16430.2 0.000180611
16430.2 0.000180606
16430.2 0.0001806
16430.2 0.000180594
16430.3 0.000180588
16430.3 0.000180582
16430.3 0.000180577
16430.3 0.000180571
16430.3 0.000180565
16430.3 0.00018056
16430.4 0.000180554
16430.4 0.000180548
16430.4 0.000180543
16430.4 0.000180537
