10500.4 0.00294005
14094.8 0.00140647
14989.7 0.000983468
15388.9 0.00080218
15615.3 0.000701464
15761.2 0.000637372
15863.1 0.000593001
15938.3 0.000560462
15996.1 0.000535579
16041.9 0.000515935
16079.1 0.000500033
16109.9 0.000486896
16135.8 0.000475861
16157.9 0.000466461
16177 0.000458357
16193.7 0.000451299
16208.3 0.000445097
16221.3 0.000439603
16232.9 0.000434703
16243.3 0.000430306
16252.7 0.000426338
16261.3 0.000422739
16269 0.00041946
16276.2 0.00041646
16282.7 0.000413705
16288.7 0.000411166
16294.3 0.000408818
16299.5 0.000406642
16304.3 0.000404618
16308.8 0.000402731
16313 0.000400968
16316.9 0.000399317
16320.6 0.000397767
16324.1 0.00039631
16327.4 0.000394938
16330.5 0.000393643
16333.4 0.000392419
16336.2 0.00039126
16338.8 0.000390161
16341.3 0.000389118
16343.6 0.000388126
16345.9 0.000387182
16348 0.000386283
16350.1 0.000385425
16352.1 0.000384606
16353.9 0.000383822
16355.7 0.000383072
16357.4 0.000382354
16359.1 0.000381666
16360.7 0.000381005
16362.2 0.00038037
16363.6 0.00037976
16365 0.000379174
16366.4 0.000378609
16367.7 0.000378065
16368.9 0.00037754
16370.2 0.000377035
16371.3 0.000376546
16372.4 0.000376075
16373.5 0.000375619
16374.6 0.000375178
16375.6 0.000374752
16376.6 0.000374339
16377.6 0.00037394
16378.5 0.000373552
16379.4 0.000373177
16380.3 0.000372813
16381.1 0.000372459
16381.9 0.000372116
16382.7 0.000371783
16383.5 0.000371459
16384.3 0.000371145
16385 0.000370839
16385.7 0.000370541
16386.4 0.000370251
16387.1 0.000369969
16387.7 0.000369695
16388.4 0.000369427
16389 0.000369166
16389.6 0.000368912
16390.2 0.000368664
16390.8 0.000368422
16391.3 0.000368187
16391.9 0.000367956
16392.4 0.000367731
16393 0.000367512
16393.5 0.000367297
16394 0.000367088
16394.5 0.000366883
16394.9 0.000366683
16395.4 0.000366487
16395.9 0.000366295
16396.3 0.000366108
16396.8 0.000365924
16397.2 0.000365745
16397.6 0.000365569
16398 0.000365397
16398.4 0.000365228
16398.8 0.000365063
16399.2 0.000364901
16399.6 0.000364743
16400 0.000364587
16400.3 0.000364435
16400.7 0.000364285
16401 0.000364139
16401.4 0.000363995
16401.7 0.000363854
16402.1 0.000363715
16402.4 0.000363579
16402.7 0.000363446
16403 0.000363314
16403.3 0.000363186
16403.6 0.000363059
16403.9 0.000362935
16404.2 0.000362813
16404.5 0.000362693
16404.8 0.000362575
16405.1 0.000362459
16405.3 0.000362345
16405.6 0.000362233
16405.9 0.000362123
16406.1 0.000362015
16406.4 0.000361908
16406.6 0.000361803
16406.9 0.0003617
16407.1 0.000361599
16407.4 0.000361499
16407.6 0.0003614
16407.8 0.000361304
16408.1 0.000361208
16408.3 0.000361114
16408.5 0.000361022
16408.7 0.000360931
16409 0.000360841
16409.2 0.000360753
16409.4 0.000360666
16409.6 0.00036058
16409.8 0.000360496
16410 0.000360412
16410.2 0.00036033
16410.4 0.000360249
16410.6 0.000360169
16410.8 0.000360091
16410.9 0.000360013
16411.1 0.000359937
16411.3 0.000359861
16411.5 0.000359787
16411.7 0.000359713
16411.8 0.000359641
16412 0.00035957
16412.2 0.000359499
16412.3 0.000359429
16412.5 0.000359361
16412.7 0.000359293
16412.8 0.000359226
16413 0.00035916
16413.1 0.000359095
16413.3 0.000359031
16413.5 0.000358967
16413.6 0.000358904
16413.8 0.000358842
16413.9 0.000358781
16414 0.000358721
16414.2 0.000358661
16414.3 0.000358602
16414.5 0.000358544
16414.6 0.000358486
16414.7 0.000358429
16414.9 0.000358373
16415 0.000358318
16415.1 0.000358263
16415.3 0.000358208
16415.4 0.000358155
16415.5 0.000358102
16415.7 0.000358049
16415.8 0.000357998
16415.9 0.000357946
16416 0.000357896
16416.1 0.000357846
16416.3 0.000357796
16416.4 0.000357747
16416.5 0.000357699
16416.6 0.000357651
16416.7 0.000357604
16416.8 0.000357557
16417 0.00035751
16417.1 0.000357464
16417.2 0.000357419
16417.3 0.000357374
16417.4 0.00035733
16417.5 0.000357286
16417.6 0.000357242
16417.7 0.000357199
16417.8 0.000357157
16417.9 0.000357115
16418 0.000357073
16418.1 0.000357032
16418.2 0.000356991
16418.3 0.00035695
16418.4 0.00035691
16418.5 0.000356871
16418.6 0.000356831
16418.7 0.000356792
16418.8 0.000356754
16418.9 0.000356716
16418.9 0.000356678
16419 0.000356641
16419.1 0.000356604
16419.2 0.000356567
16419.3 0.000356531
16419.4 0.000356495
16419.5 0.000356459
16419.6 0.000356424
16419.6 0.000356389
16419.7 0.000356354
16419.8 0.00035632
16419.9 0.000356286
16420 0.000356252
16420.1 0.000356219
16420.1 0.000356186
16420.2 0.000356153
16420.3 0.000356121
16420.4 0.000356088
16420.4 0.000356056
16420.5 0.000356025
16420.6 0.000355993
16420.7 0.000355962
16420.7 0.000355932
16420.8 0.000355901
16420.9 0.000355871
16421 0.000355841
16421 0.000355811
16421.1 0.000355782
16421.2 0.000355752
16421.2 0.000355723
16421.3 0.000355695
16421.4 0.000355666
16421.4 0.000355638
16421.5 0.00035561
16421.6 0.000355582
16421.6 0.000355555
16421.7 0.000355527
16421.8 0.0003555
16421.8 0.000355473
16421.9 0.000355447
16422 0.00035542
16422 0.000355394
16422.1 0.000355368
16422.2 0.000355342
16422.2 0.000355317
16422.3 0.000355291
16422.3 0.000355266
16422.4 0.000355241
16422.5 0.000355216
16422.5 0.000355192
16422.6 0.000355168
16422.6 0.000355143
16422.7 0.000355119
16422.8 0.000355095
16422.8 0.000355072
16422.9 0.000355048
16422.9 0.000355025
16423 0.000355002
16423 0.000354979
16423.1 0.000354956
16423.1 0.000354934
16423.2 0.000354911
16423.2 0.000354889
16423.3 0.000354867
16423.4 0.000354845
16423.4 0.000354823
16423.5 0.000354802
16423.5 0.00035478
16423.6 0.000354759
16423.6 0.000354738
16423.7 0.000354717
16423.7 0.000354696
16423.8 0.000354675
16423.8 0.000354655
16423.9 0.000354634
16423.9 0.000354614
16424 0.000354594
16424 0.000354574
16424.1 0.000354554
16424.1 0.000354535
16424.1 0.000354515
16424.2 0.000354496
16424.2 0.000354476
16424.3 0.000354457
16424.3 0.000354438
16424.4 0.000354419
16424.4 0.000354401
16424.5 0.000354382
16424.5 0.000354364
16424.6 0.000354345
16424.6 0.000354327
16424.6 0.000354309
16424.7 0.000354291
16424.7 0.000354273
16424.8 0.000354255
16424.8 0.000354238
16424.9 0.00035422
16424.9 0.000354203
16424.9 0.000354186
16425 0.000354168
16425 0.000354151
16425.1 0.000354134
16425.1 0.000354118
16425.1 0.000354101
16425.2 0.000354084
16425.2 0.000354068
16425.3 0.000354051
16425.3 0.000354035
16425.3 0.000354019
16425.4 0.000354003
16425.4 0.000353987
16425.5 0.000353971
16425.5 0.000353955
16425.5 0.000353939
16425.6 0.000353924
16425.6 0.000353908
16425.6 0.000353893
16425.7 0.000353878
16425.7 0.000353862
16425.7 0.000353847
16425.8 0.000353832
16425.8 0.000353817
16425.9 0.000353803
16425.9 0.000353788
16425.9 0.000353773
16426 0.000353759
16426 0.000353744
16426 0.00035373
16426.1 0.000353715
16426.1 0.000353701
16426.1 0.000353687
16426.2 0.000353673
16426.2 0.000353659
16426.2 0.000353645
16426.3 0.000353631
16426.3 0.000353618
16426.3 0.000353604
16426.4 0.00035359
16426.4 0.000353577
16426.4 0.000353564
16426.5 0.00035355
16426.5 0.000353537
16426.5 0.000353524
16426.6 0.000353511
16426.6 0.000353498
16426.6 0.000353485
16426.7 0.000353472
16426.7 0.000353459
16426.7 0.000353446
16426.7 0.000353434
16426.8 0.000353421
16426.8 0.000353409
16426.8 0.000353396
16426.9 0.000353384
16426.9 0.000353371
16426.9 0.000353359
16427 0.000353347
16427 0.000353335
16427 0.000353323
16427 0.000353311
16427.1 0.000353299
16427.1 0.000353287
16427.1 0.000353275
16427.2 0.000353264
16427.2 0.000353252
16427.2 0.00035324
16427.2 0.000353229
16427.3 0.000353217
16427.3 0.000353206
16427.3 0.000353195
16427.3 0.000353183
16427.4 0.000353172
16427.4 0.000353161
16427.4 0.00035315
16427.5 0.000353139
16427.5 0.000353128
16427.5 0.000353117
16427.5 0.000353106
16427.6 0.000353095
16427.6 0.000353085
16427.6 0.000353074
16427.6 0.000353063
16427.7 0.000353053
16427.7 0.000353042
16427.7 0.000353032
16427.7 0.000353021
16427.8 0.000353011
16427.8 0.000353
16427.8 0.00035299
16427.8 0.00035298
16427.9 0.00035297
16427.9 0.00035296
16427.9 0.00035295
16427.9 0.00035294
16428 0.00035293
16428 0.00035292
16428 0.00035291
16428 0.0003529
16428 0.00035289
16428.1 0.000352881
16428.1 0.000352871
16428.1 0.000352861
16428.1 0.000352852
16428.2 0.000352842
16428.2 0.000352833
16428.2 0.000352823
16428.2 0.000352814
16428.3 0.000352805
16428.3 0.000352795
16428.3 0.000352786
16428.3 0.000352777
16428.3 0.000352768
16428.4 0.000352758
16428.4 0.000352749
16428.4 0.00035274
16428.4 0.000352731
16428.5 0.000352722
16428.5 0.000352713
16428.5 0.000352705
16428.5 0.000352696
16428.5 0.000352687
16428.6 0.000352678
16428.6 0.00035267
16428.6 0.000352661
16428.6 0.000352652
16428.6 0.000352644
16428.7 0.000352635
16428.7 0.000352627
16428.7 0.000352618
16428.7 0.00035261
16428.7 0.000352601
16428.8 0.000352593
16428.8 0.000352585
16428.8 0.000352576
16428.8 0.000352568
16428.8 0.00035256
16428.9 0.000352552
16428.9 0.000352544
16428.9 0.000352536
16428.9 0.000352528
16428.9 0.00035252
16429 0.000352512
16429 0.000352504
16429 0.000352496
16429 0.000352488
16429 0.00035248
16429.1 0.000352472
16429.1 0.000352465
16429.1 0.000352457
16429.1 0.000352449
16429.1 0.000352441
16429.1 0.000352434
16429.2 0.000352426
16429.2 0.000352419
16429.2 0.000352411
16429.2 0.000352404
16429.2 0.000352396
16429.3 0.000352389
16429.3 0.000352381
16429.3 0.000352374
16429.3 0.000352367
16429.3 0.000352359
16429.3 0.000352352
16429.4 0.000352345
16429.4 0.000352338
16429.4 0.00035233
16429.4 0.000352323
16429.4 0.000352316
16429.4 0.000352309
16429.5 0.000352302
16429.5 0.000352295
16429.5 0.000352288
16429.5 0.000352281
16429.5 0.000352274
16429.5 0.000352267
16429.6 0.00035226
16429.6 0.000352253
16429.6 0.000352247
16429.6 0.00035224
16429.6 0.000352233
16429.6 0.000352226
16429.7 0.00035222
16429.7 0.000352213
16429.7 0.000352206
16429.7 0.0003522
16429.7 0.000352193
16429.7 0.000352186
16429.8 0.00035218
16429.8 0.000352173
16429.8 0.000352167
16429.8 0.00035216
16429.8 0.000352154
16429.8 0.000352147
16429.8 0.000352141
16429.9 0.000352135
