11139.2 0.0025866
14294.4 0.00100679
15123.4 0.000640935
15489.1 0.000484142
15695.4 0.000397035
15827.9 0.000341603
15920.2 0.000303227
15988.2 0.000275084
16040.4 0.000253564
16081.8 0.000236574
16115.3 0.00022282
16143.1 0.000211458
16166.4 0.000201914
16186.4 0.000193784
16203.5 0.000186776
16218.5 0.000180671
16231.7 0.000175307
16243.4 0.000170556
16253.8 0.000166318
16263.2 0.000162515
16271.7 0.000159083
16279.3 0.00015597
16286.3 0.000153134
16292.7 0.000150539
16298.6 0.000148157
16304 0.000145961
16309.1 0.00014393
16313.7 0.000142048
16318 0.000140297
16322.1 0.000138665
16325.8 0.000137141
16329.4 0.000135713
16332.7 0.000134373
16335.8 0.000133112
16338.7 0.000131925
16341.5 0.000130805
16344.1 0.000129746
16346.6 0.000128744
16349 0.000127794
16351.2 0.000126892
16353.3 0.000126034
16355.4 0.000125218
16357.3 0.00012444
16359.1 0.000123698
16360.9 0.000122989
16362.6 0.000122312
16364.2 0.000121663
16365.7 0.000121042
16367.2 0.000120446
16368.6 0.000119875
16370 0.000119326
16371.3 0.000118799
16372.5 0.000118291
16373.7 0.000117803
16374.9 0.000117332
16376 0.000116879
16377.1 0.000116441
16378.2 0.000116019
16379.2 0.000115611
16380.2 0.000115217
16381.1 0.000114836
16382 0.000114467
16382.9 0.00011411
16383.8 0.000113764
16384.6 0.000113429
16385.4 0.000113105
16386.2 0.00011279
16386.9 0.000112484
16387.7 0.000112187
16388.4 0.000111899
16389.1 0.000111619
16389.8 0.000111347
16390.4 0.000111082
16391.1 0.000110825
16391.7 0.000110574
16392.3 0.00011033
16392.9 0.000110093
16393.5 0.000109861
16394 0.000109636
16394.6 0.000109416
16395.1 0.000109202
16395.6 0.000108993
16396.1 0.000108789
16396.6 0.000108589
16397.1 0.000108395
16397.6 0.000108205
16398 0.00010802
16398.5 0.000107838
16398.9 0.000107661
16399.4 0.000107488
16399.8 0.000107319
16400.2 0.000107153
16400.6 0.000106991
16401 0.000106832
16401.4 0.000106677
16401.7 0.000106525
16402.1 0.000106376
16402.5 0.00010623
16402.8 0.000106087
16403.2 0.000105947
16403.5 0.00010581
16403.9 0.000105676
16404.2 0.000105544
16404.5 0.000105414
16404.8 0.000105288
16405.1 0.000105163
16405.4 0.000105041
16405.7 0.000104921
16406 0.000104804
16406.3 0.000104688
16406.6 0.000104575
16406.9 0.000104463
16407.1 0.000104354
16407.4 0.000104247
16407.7 0.000104141
16407.9 0.000104037
16408.2 0.000103935
16408.4 0.000103835
16408.7 0.000103737
16408.9 0.00010364
16409.2 0.000103544
16409.4 0.000103451
16409.6 0.000103359
16409.8 0.000103268
16410.1 0.000103179
16410.3 0.000103091
16410.5 0.000103004
16410.7 0.000102919
16410.9 0.000102836
16411.1 0.000102753
16411.3 0.000102672
16411.5 0.000102592
16411.7 0.000102513
16411.9 0.000102436
16412.1 0.000102359
16412.3 0.000102284
16412.5 0.00010221
16412.7 0.000102137
16412.8 0.000102065
16413 0.000101994
16413.2 0.000101924
16413.4 0.000101855
16413.5 0.000101787
16413.7 0.00010172
16413.9 0.000101653
16414 0.000101588
16414.2 0.000101524
16414.3 0.00010146
16414.5 0.000101398
16414.7 0.000101336
16414.8 0.000101275
16415 0.000101215
16415.1 0.000101155
16415.2 0.000101097
16415.4 0.000101039
16415.5 0.000100982
16415.7 0.000100925
16415.8 0.00010087
16415.9 0.000100815
16416.1 0.000100761
16416.2 0.000100707
16416.3 0.000100654
16416.5 0.000100602
16416.6 0.00010055
16416.7 0.000100499
16416.9 0.000100449
16417 0.000100399
16417.1 0.00010035
16417.2 0.000100301
16417.3 0.000100253
16417.5 0.000100206
16417.6 0.000100159
16417.7 0.000100112
16417.8 0.000100066
16417.9 0.000100021
16418 9.99763e-05
16418.1 9.9932e-05
16418.3 9.98882e-05
16418.4 9.98449e-05
16418.5 9.98021e-05
16418.6 9.97598e-05
16418.7 9.97179e-05
16418.8 9.96765e-05
16418.9 9.96355e-05
16419 9.9595e-05
16419.1 9.95549e-05
16419.2 9.95153e-05
16419.3 9.9476e-05
16419.4 9.94372e-05
16419.5 9.93988e-05
16419.6 9.93608e-05
16419.7 9.93232e-05
16419.8 9.9286e-05
16419.8 9.92491e-05
16419.9 9.92127e-05
16420 9.91766e-05
16420.1 9.91409e-05
16420.2 9.91055e-05
16420.3 9.90705e-05
16420.4 9.90359e-05
16420.5 9.90016e-05
16420.5 9.89676e-05
16420.6 9.8934e-05
16420.7 9.89007e-05
16420.8 9.88678e-05
16420.9 9.88351e-05
16421 9.88028e-05
16421 9.87708e-05
16421.1 9.87391e-05
16421.2 9.87076e-05
16421.3 9.86765e-05
16421.3 9.86457e-05
16421.4 9.86152e-05
16421.5 9.8585e-05
16421.6 9.8555e-05
16421.6 9.85253e-05
16421.7 9.84959e-05
16421.8 9.84668e-05
16421.9 9.84379e-05
16421.9 9.84093e-05
16422 9.8381e-05
16422.1 9.83529e-05
16422.1 9.8325e-05
16422.2 9.82974e-05
16422.3 9.82701e-05
16422.3 9.8243e-05
16422.4 9.82161e-05
16422.5 9.81895e-05
16422.5 9.81631e-05
16422.6 9.8137e-05
16422.7 9.8111e-05
16422.7 9.80853e-05
16422.8 9.80598e-05
16422.9 9.80346e-05
16422.9 9.80095e-05
16423 9.79847e-05
16423.1 9.796e-05
16423.1 9.79356e-05
16423.2 9.79114e-05
16423.2 9.78874e-05
16423.3 9.78635e-05
16423.4 9.78399e-05
16423.4 9.78165e-05
16423.5 9.77933e-05
16423.5 9.77702e-05
16423.6 9.77474e-05
16423.6 9.77247e-05
16423.7 9.77022e-05
16423.8 9.76799e-05
16423.8 9.76578e-05
16423.9 9.76358e-05
16423.9 9.7614e-05
16424 9.75924e-05
16424 9.7571e-05
16424.1 9.75497e-05
16424.1 9.75286e-05
16424.2 9.75077e-05
16424.2 9.74869e-05
16424.3 9.74663e-05
16424.3 9.74459e-05
16424.4 9.74256e-05
16424.4 9.74054e-05
16424.5 9.73854e-05
16424.5 9.73656e-05
16424.6 9.73459e-05
16424.6 9.73264e-05
16424.7 9.7307e-05
16424.7 9.72878e-05
16424.8 9.72687e-05
16424.8 9.72497e-05
16424.9 9.72309e-05
16424.9 9.72122e-05
16425 9.71936e-05
16425 9.71752e-05
16425.1 9.7157e-05
16425.1 9.71388e-05
16425.1 9.71208e-05
16425.2 9.71029e-05
16425.2 9.70852e-05
16425.3 9.70676e-05
16425.3 9.70501e-05
16425.4 9.70327e-05
16425.4 9.70154e-05
16425.4 9.69983e-05
16425.5 9.69813e-05
16425.5 9.69644e-05
16425.6 9.69476e-05
16425.6 9.6931e-05
16425.7 9.69144e-05
16425.7 9.6898e-05
16425.7 9.68817e-05
16425.8 9.68655e-05
16425.8 9.68494e-05
16425.9 9.68334e-05
16425.9 9.68175e-05
16425.9 9.68018e-05
16426 9.67861e-05
16426 9.67706e-05
16426.1 9.67551e-05
16426.1 9.67398e-05
16426.1 9.67245e-05
16426.2 9.67094e-05
16426.2 9.66943e-05
16426.2 9.66794e-05
16426.3 9.66646e-05
16426.3 9.66498e-05
16426.4 9.66352e-05
16426.4 9.66206e-05
16426.4 9.66061e-05
16426.5 9.65918e-05
16426.5 9.65775e-05
16426.5 9.65633e-05
16426.6 9.65492e-05
16426.6 9.65352e-05
16426.6 9.65213e-05
16426.7 9.65075e-05
16426.7 9.64937e-05
16426.7 9.64801e-05
16426.8 9.64665e-05
16426.8 9.6453e-05
16426.8 9.64396e-05
16426.9 9.64263e-05
16426.9 9.64131e-05
16426.9 9.63999e-05
16427 9.63869e-05
16427 9.63739e-05
16427 9.6361e-05
16427.1 9.63481e-05
16427.1 9.63354e-05
16427.1 9.63227e-05
16427.2 9.63101e-05
16427.2 9.62976e-05
16427.2 9.62851e-05
16427.3 9.62728e-05
16427.3 9.62605e-05
16427.3 9.62482e-05
16427.3 9.62361e-05
16427.4 9.6224e-05
16427.4 9.6212e-05
16427.4 9.62001e-05
16427.5 9.61882e-05
16427.5 9.61764e-05
16427.5 9.61647e-05
16427.6 9.6153e-05
16427.6 9.61414e-05
16427.6 9.61299e-05
16427.6 9.61184e-05
16427.7 9.6107e-05
16427.7 9.60957e-05
16427.7 9.60844e-05
16427.8 9.60732e-05
16427.8 9.60621e-05
16427.8 9.6051e-05
16427.8 9.604e-05
16427.9 9.60291e-05
16427.9 9.60182e-05
16427.9 9.60074e-05
16427.9 9.59966e-05
16428 9.59859e-05
16428 9.59752e-05
16428 9.59647e-05
16428 9.59541e-05
16428.1 9.59437e-05
16428.1 9.59333e-05
16428.1 9.59229e-05
16428.2 9.59126e-05
16428.2 9.59024e-05
16428.2 9.58922e-05
16428.2 9.5882e-05
16428.3 9.5872e-05
16428.3 9.58619e-05
16428.3 9.5852e-05
16428.3 9.58421e-05
16428.4 9.58322e-05
16428.4 9.58224e-05
16428.4 9.58126e-05
16428.4 9.58029e-05
16428.4 9.57933e-05
16428.5 9.57837e-05
16428.5 9.57741e-05
16428.5 9.57646e-05
16428.5 9.57552e-05
16428.6 9.57458e-05
16428.6 9.57364e-05
16428.6 9.57271e-05
16428.6 9.57179e-05
16428.7 9.57087e-05
16428.7 9.56995e-05
16428.7 9.56904e-05
16428.7 9.56813e-05
16428.7 9.56723e-05
16428.8 9.56633e-05
16428.8 9.56544e-05
16428.8 9.56455e-05
16428.8 9.56367e-05
16428.9 9.56279e-05
16428.9 9.56191e-05
16428.9 9.56104e-05
16428.9 9.56018e-05
16428.9 9.55931e-05
16429 9.55846e-05
16429 9.5576e-05
16429 9.55675e-05
16429 9.55591e-05
16429.1 9.55507e-05
16429.1 9.55423e-05
16429.1 9.5534e-05
16429.1 9.55257e-05
16429.1 9.55175e-05
16429.2 9.55093e-05
16429.2 9.55011e-05
16429.2 9.5493e-05
16429.2 9.54849e-05
16429.2 9.54769e-05
16429.3 9.54689e-05
16429.3 9.54609e-05
16429.3 9.5453e-05
16429.3 9.54451e-05
16429.3 9.54372e-05
16429.4 9.54294e-05
16429.4 9.54216e-05
16429.4 9.54139e-05
16429.4 9.54062e-05
16429.4 9.53985e-05
16429.4 9.53909e-05
16429.5 9.53833e-05
16429.5 9.53757e-05
16429.5 9.53682e-05
16429.5 9.53607e-05
16429.5 9.53533e-05
16429.6 9.53459e-05
16429.6 9.53385e-05
16429.6 9.53311e-05
16429.6 9.53238e-05
16429.6 9.53165e-05
16429.7 9.53093e-05
16429.7 9.5302e-05
16429.7 9.52949e-05
16429.7 9.52877e-05
16429.7 9.52806e-05
16429.7 9.52735e-05
16429.8 9.52665e-05
16429.8 9.52594e-05
16429.8 9.52524e-05
16429.8 9.52455e-05
16429.8 9.52386e-05
16429.8 9.52317e-05
16429.9 9.52248e-05
16429.9 9.5218e-05
16429.9 9.52111e-05
16429.9 9.52044e-05
16429.9 9.51976e-05
16429.9 9.51909e-05
16430 9.51842e-05
16430 9.51776e-05
16430 9.51709e-05
16430 9.51643e-05
16430 9.51578e-05
16430 9.51512e-05
16430.1 9.51447e-05
16430.1 9.51382e-05
16430.1 9.51318e-05
16430.1 9.51254e-05
16430.1 9.5119e-05
16430.1 9.51126e-05
16430.2 9.51062e-05
16430.2 9.50999e-05
16430.2 9.50936e-05
16430.2 9.50874e-05
16430.2 9.50811e-05
16430.2 9.50749e-05
16430.3 9.50687e-05
16430.3 9.50626e-05
16430.3 9.50564e-05
16430.3 9.50503e-05
16430.3 9.50443e-05
16430.3 9.50382e-05
16430.3 9.50322e-05
16430.4 9.50262e-05
16430.4 9.50202e-05
16430.4 9.50142e-05
16430.4 9.50083e-05
16430.4 9.50024e-05
16430.4 9.49965e-05
16430.4 9.49907e-05
16430.5 9.49848e-05
16430.5 9.4979e-05
16430.5 9.49732e-05
16430.5 9.49675e-05
16430.5 9.49617e-05
16430.5 9.4956e-05
16430.5 9.49503e-05
16430.6 9.49447e-05
16430.6 9.4939e-05
16430.6 9.49334e-05
16430.6 9.49278e-05
16430.6 9.49222e-05
16430.6 9.49167e-05
16430.6 9.49111e-05
16430.7 9.49056e-05
16430.7 9.49001e-05
16430.7 9.48947e-05
16430.7 9.48892e-05
16430.7 9.48838e-05
16430.7 9.48784e-05
16430.7 9.4873e-05
16430.8 9.48677e-05
16430.8 9.48623e-05
16430.8 9.4857e-05
16430.8 9.48517e-05
16430.8 9.48464e-05
16430.8 9.48412e-05
16430.8 9.4836e-05
16430.8 9.48307e-05
16430.9 9.48256e-05
16430.9 9.48204e-05
16430.9 9.48152e-05
16430.9 9.48101e-05
16430.9 9.4805e-05
16430.9 9.47999e-05
16430.9 9.47948e-05
16430.9 9.47898e-05
16431 9.47847e-05
16431 9.47797e-05
16431 9.47747e-05
16431 9.47697e-05
16431 9.47648e-05
16431 9.47598e-05
16431 9.47549e-05
16431 9.475e-05
16431.1 9.47451e-05
16431.1 9.47403e-05
16431.1 9.47354e-05
16431.1 9.47306e-05
16431.1 9.47258e-05
16431.1 9.4721e-05
16431.1 9.47162e-05
16431.1 9.47114e-05
16431.2 9.47067e-05
16431.2 9.4702e-05
16431.2 9.46973e-05
16431.2 9.46926e-05
16431.2 9.46879e-05
16431.2 9.46833e-05
16431.2 9.46786e-05
16431.2 9.4674e-05
16431.2 9.46694e-05
16431.3 9.46648e-05
16431.3 9.46603e-05
16431.3 9.46557e-05
16431.3 9.46512e-05
16431.3 9.46467e-05
16431.3 9.46422e-05
16431.3 9.46377e-05
16431.3 9.46332e-05
16431.3 9.46287e-05
16431.4 9.46243e-05
16431.4 9.46199e-05
16431.4 9.46155e-05
16431.4 9.46111e-05
16431.4 9.46067e-05
16431.4 9.46024e-05
16431.4 9.4598e-05
16431.4 9.45937e-05
16431.4 9.45894e-05
16431.5 9.45851e-05
16431.5 9.45808e-05
16431.5 9.45765e-05
16431.5 9.45723e-05
16431.5 9.4568e-05
16431.5 9.45638e-05
16431.5 9.45596e-05
16431.5 9.45554e-05
16431.5 9.45512e-05
16431.6 9.45471e-05
16431.6 9.45429e-05
16431.6 9.45388e-05
16431.6 9.45347e-05
16431.6 9.45305e-05
16431.6 9.45265e-05
16431.6 9.45224e-05
16431.6 9.45183e-05
16431.6 9.45143e-05
16431.6 9.45102e-05
16431.7 9.45062e-05
16431.7 9.45022e-05
16431.7 9.44982e-05
16431.7 9.44942e-05
16431.7 9.44903e-05
16431.7 9.44863e-05
16431.7 9.44824e-05
16431.7 9.44784e-05
16431.7 9.44745e-05
16431.7 9.44706e-05
16431.8 9.44667e-05
16431.8 9.44628e-05
16431.8 9.4459e-05
16431.8 9.44551e-05
16431.8 9.44513e-05
16431.8 9.44475e-05
16431.8 9.44437e-05
16431.8 9.44399e-05
16431.8 9.44361e-05
16431.8 9.44323e-05
16431.8 9.44285e-05
16431.9 9.44248e-05
16431.9 9.44211e-05
16431.9 9.44173e-05
16431.9 9.44136e-05
16431.9 9.44099e-05
16431.9 9.44062e-05
16431.9 9.44026e-05
16431.9 9.43989e-05
16431.9 9.43953e-05
16431.9 9.43916e-05
16431.9 9.4388e-05
16432 9.43844e-05
16432 9.43808e-05
16432 9.43772e-05
16432 9.43736e-05
16432 9.437e-05
16432 9.43665e-05
16432 9.43629e-05
16432 9.43594e-05
16432 9.43559e-05
16432 9.43524e-05
16432 9.43489e-05
16432.1 9.43454e-05
16432.1 9.43419e-05
16432.1 9.43384e-05
16432.1 9.4335e-05
16432.1 9.43315e-05
16432.1 9.43281e-05
16432.1 9.43247e-05
16432.1 9.43212e-05
16432.1 9.43178e-05
16432.1 9.43144e-05
16432.1 9.43111e-05
16432.1 9.43077e-05
16432.2 9.43043e-05
16432.2 9.4301e-05
16432.2 9.42976e-05
16432.2 9.42943e-05
16432.2 9.4291e-05
16432.2 9.42877e-05
16432.2 9.42844e-05
16432.2 9.42811e-05
16432.2 9.42778e-05
16432.2 9.42746e-05
16432.2 9.42713e-05
16432.2 9.42681e-05
16432.3 9.42648e-05
16432.3 9.42616e-05
16432.3 9.42584e-05
16432.3 9.42552e-05
16432.3 9.4252e-05
16432.3 9.42488e-05
16432.3 9.42456e-05
16432.3 9.42424e-05
16432.3 9.42393e-05
16432.3 9.42361e-05
16432.3 9.4233e-05
16432.3 9.42299e-05
16432.3 9.42267e-05
16432.4 9.42236e-05
16432.4 9.42205e-05
16432.4 9.42174e-05
16432.4 9.42143e-05
16432.4 9.42113e-05
16432.4 9.42082e-05
16432.4 9.42051e-05
16432.4 9.42021e-05
16432.4 9.41991e-05
16432.4 9.4196e-05
16432.4 9.4193e-05
16432.4 9.419e-05
16432.4 9.4187e-05
16432.5 9.4184e-05
16432.5 9.4181e-05
16432.5 9.4178e-05
16432.5 9.41751e-05
16432.5 9.41721e-05
16432.5 9.41692e-05
16432.5 9.41662e-05
16432.5 9.41633e-05
16432.5 9.41604e-05
16432.5 9.41575e-05
16432.5 9.41546e-05
16432.5 9.41517e-05
16432.5 9.41488e-05
16432.6 9.41459e-05
16432.6 9.4143e-05
16432.6 9.41401e-05
16432.6 9.41373e-05
16432.6 9.41344e-05
16432.6 9.41316e-05
16432.6 9.41288e-05
16432.6 9.41259e-05
16432.6 9.41231e-05
16432.6 9.41203e-05
16432.6 9.41175e-05
16432.6 9.41147e-05
16432.6 9.41119e-05
16432.6 9.41092e-05
16432.6 9.41064e-05
16432.7 9.41036e-05
16432.7 9.41009e-05
16432.7 9.40981e-05
16432.7 9.40954e-05
16432.7 9.40927e-05
16432.7 9.409e-05
16432.7 9.40872e-05
16432.7 9.40845e-05
16432.7 9.40818e-05
16432.7 9.40791e-05
16432.7 9.40765e-05
16432.7 9.40738e-05
16432.7 9.40711e-05
16432.7 9.40685e-05
16432.8 9.40658e-05
16432.8 9.40632e-05
16432.8 9.40605e-05
16432.8 9.40579e-05
16432.8 9.40553e-05
16432.8 9.40526e-05
16432.8 9.405e-05
16432.8 9.40474e-05
16432.8 9.40448e-05
16432.8 9.40422e-05
16432.8 9.40397e-05
16432.8 9.40371e-05
16432.8 9.40345e-05
16432.8 9.4032e-05
16432.8 9.40294e-05
16432.8 9.40269e-05
16432.9 9.40243e-05
16432.9 9.40218e-05
16432.9 9.40193e-05
16432.9 9.40167e-05
16432.9 9.40142e-05
16432.9 9.40117e-05
16432.9 9.40092e-05
16432.9 9.40067e-05
16432.9 9.40042e-05
16432.9 9.40018e-05
16432.9 9.39993e-05
16432.9 9.39968e-05
16432.9 9.39944e-05
16432.9 9.39919e-05
16432.9 9.39895e-05
16432.9 9.3987e-05
16433 9.39846e-05
16433 9.39822e-05
16433 9.39798e-05
16433 9.39773e-05
16433 9.39749e-05
16433 9.39725e-05
16433 9.39701e-05
16433 9.39678e-05
16433 9.39654e-05
16433 9.3963e-05
16433 9.39606e-05
16433 9.39583e-05
16433 9.39559e-05
16433 9.39536e-05
16433 9.39512e-05
16433 9.39489e-05
16433 9.39465e-05
16433.1 9.39442e-05
16433.1 9.39419e-05
16433.1 9.39396e-05
16433.1 9.39373e-05
16433.1 9.3935e-05
16433.1 9.39327e-05
16433.1 9.39304e-05
16433.1 9.39281e-05
16433.1 9.39258e-05
16433.1 9.39236e-05
16433.1 9.39213e-05
16433.1 9.3919e-05
16433.1 9.39168e-05
16433.1 9.39145e-05
16433.1 9.39123e-05
16433.1 9.391e-05
16433.1 9.39078e-05
16433.1 9.39056e-05
16433.2 9.39034e-05
16433.2 9.39011e-05
16433.2 9.38989e-05
16433.2 9.38967e-05
16433.2 9.38945e-05
16433.2 9.38923e-05
16433.2 9.38902e-05
16433.2 9.3888e-05
16433.2 9.38858e-05
16433.2 9.38836e-05
16433.2 9.38815e-05
16433.2 9.38793e-05
16433.2 9.38771e-05
16433.2 9.3875e-05
16433.2 9.38729e-05
16433.2 9.38707e-05
16433.2 9.38686e-05
16433.2 9.38665e-05
16433.3 9.38643e-05
16433.3 9.38622e-05
16433.3 9.38601e-05
16433.3 9.3858e-05
16433.3 9.38559e-05
16433.3 9.38538e-05
16433.3 9.38517e-05
16433.3 9.38496e-05
16433.3 9.38475e-05
16433.3 9.38455e-05
16433.3 9.38434e-05
16433.3 9.38413e-05
16433.3 9.38393e-05
16433.3 9.38372e-05
16433.3 9.38352e-05
16433.3 9.38331e-05
16433.3 9.38311e-05
16433.3 9.3829e-05
16433.3 9.3827e-05
16433.3 9.3825e-05
16433.4 9.3823e-05
16433.4 9.3821e-05
16433.4 9.38189e-05
16433.4 9.38169e-05
16433.4 9.38149e-05
16433.4 9.38129e-05
16433.4 9.38109e-05
16433.4 9.3809e-05
16433.4 9.3807e-05
16433.4 9.3805e-05
16433.4 9.3803e-05
16433.4 9.38011e-05
16433.4 9.37991e-05
16433.4 9.37971e-05
16433.4 9.37952e-05
16433.4 9.37932e-05
16433.4 9.37913e-05
16433.4 9.37894e-05
16433.4 9.37874e-05
16433.4 9.37855e-05
16433.5 9.37836e-05
16433.5 9.37816e-05
16433.5 9.37797e-05
16433.5 9.37778e-05
16433.5 9.37759e-05
16433.5 9.3774e-05
16433.5 9.37721e-05
16433.5 9.37702e-05
16433.5 9.37683e-05
16433.5 9.37664e-05
16433.5 9.37645e-05
16433.5 9.37627e-05
16433.5 9.37608e-05
16433.5 9.37589e-05
16433.5 9.37571e-05
16433.5 9.37552e-05
16433.5 9.37534e-05
16433.5 9.37515e-05
16433.5 9.37497e-05
16433.5 9.37478e-05
16433.5 9.3746e-05
16433.6 9.37441e-05
16433.6 9.37423e-05
16433.6 9.37405e-05
16433.6 9.37387e-05
16433.6 9.37369e-05
16433.6 9.3735e-05
16433.6 9.37332e-05
16433.6 9.37314e-05
16433.6 9.37296e-05
16433.6 9.37278e-05
16433.6 9.3726e-05
16433.6 9.37242e-05
16433.6 9.37225e-05
16433.6 9.37207e-05
16433.6 9.37189e-05
16433.6 9.37171e-05
16433.6 9.37154e-05
16433.6 9.37136e-05
16433.6 9.37118e-05
16433.6 9.37101e-05
16433.6 9.37083e-05
16433.6 9.37066e-05
16433.6 9.37048e-05
16433.7 9.37031e-05
16433.7 9.37014e-05
16433.7 9.36996e-05
16433.7 9.36979e-05
16433.7 9.36962e-05
16433.7 9.36945e-05
16433.7 9.36928e-05
16433.7 9.3691e-05
16433.7 9.36893e-05
16433.7 9.36876e-05
16433.7 9.36859e-05
16433.7 9.36842e-05
16433.7 9.36825e-05
16433.7 9.36808e-05
16433.7 9.36792e-05
16433.7 9.36775e-05
16433.7 9.36758e-05
16433.7 9.36741e-05
16433.7 9.36724e-05
16433.7 9.36708e-05
16433.7 9.36691e-05
16433.7 9.36675e-05
16433.7 9.36658e-05
16433.8 9.36641e-05
16433.8 9.36625e-05
16433.8 9.36609e-05
16433.8 9.36592e-05
16433.8 9.36576e-05
16433.8 9.36559e-05
16433.8 9.36543e-05
16433.8 9.36527e-05
16433.8 9.36511e-05
16433.8 9.36494e-05
16433.8 9.36478e-05
16433.8 9.36462e-05
16433.8 9.36446e-05
16433.8 9.3643e-05
16433.8 9.36414e-05
16433.8 9.36398e-05
16433.8 9.36382e-05
16433.8 9.36366e-05
16433.8 9.3635e-05
16433.8 9.36334e-05
16433.8 9.36318e-05
16433.8 9.36303e-05
16433.8 9.36287e-05
16433.8 9.36271e-05
16433.8 9.36255e-05
16433.9 9.3624e-05
16433.9 9.36224e-05
16433.9 9.36208e-05
16433.9 9.36193e-05
16433.9 9.36177e-05
16433.9 9.36162e-05
