1190.03 0.0428974
1063.36 0.0839467
1024.93 0.123249
1005.88 0.16204
994.504 0.200627
986.948 0.239111
981.564 0.277537
977.532 0.315927
974.401 0.354292
971.899 0.39264
969.853 0.430976
951.766 0.433129
951.829 0.433826
951.963 0.434566
951.744 0.435349
951.342 0.436183
951.389 0.437055
951.199 0.438916
950.881 0.439902
950.702 0.440921
950.545 0.441979
950.64 0.443064
950.706 0.444176
950.622 0.445321
950.083 0.447693
950.214 0.44892
949.849 0.450173
949.768 0.451447
949.856 0.452747
949.878 0.454066
949.953 0.456764
949.999 0.458141
949.622 0.459544
949.476 0.460965
949.545 0.4624
949.457 0.463856
949.237 0.465329
949.092 0.468321
949.059 0.46984
949.168 0.47137
949.236 0.472916
949.034 0.474475
948.968 0.476046
949.012 0.479229
948.894 0.480837
948.865 0.482459
948.949 0.484089
948.813 0.48573
948.697 0.487385
948.535 0.48905
948.491 0.492409
948.492 0.494102
948.561 0.495802
948.584 0.497514
948.311 0.499234
948.255 0.500962
948.362 0.504444
948.45 0.506193
948.473 0.507952
948.29 0.509718
948.324 0.511494
948.378 0.513274
948.23 0.516855
948.024 0.518658
948.099 0.520465
948.101 0.52228
948.048 0.5241
947.878 0.525926
947.945 0.52776
948.026 0.531438
948.087 0.533286
948.097 0.535137
948.116 0.536992
948.015 0.538855
948.095 0.540721
948.102 0.544466
948.056 0.546345
948.118 0.548227
948.067 0.550116
948.148 0.552006
948.112 0.553901
948.156 0.5558
948.144 0.559609
948.186 0.56152
948.172 0.563433
947.984 0.56535
947.97 0.567274
947.776 0.569201
947.404 0.573074
947.227 0.575016
947.277 0.576962
947.173 0.578911
947.184 0.580863
946.979 0.584805
946.979 0.584805
946.979 0.584805
946.882 0.58671
946.882 0.58671
946.762 0.588593
946.762 0.588593
946.655 0.590455
946.655 0.590455
946.59 0.592291
946.487 0.594107
946.487 0.594107
946.351 0.595903
946.351 0.595903
946.212 0.597677
946.242 0.599429
946.242 0.599429
946.187 0.601162
946.187 0.601162
946.052 0.602874
946.052 0.602874
946.105 0.604565
946.157 0.606234
946.157 0.606234
946.19 0.607884
946.19 0.607884
946.257 0.609513
946.257 0.609513
946.295 0.61112
946.197 0.61271
946.197 0.61271
946.22 0.614283
946.22 0.614283
946.158 0.61584
946.158 0.61584
946.196 0.617376
946.184 0.618894
946.184 0.618894
946.228 0.620395
946.228 0.620395
946.216 0.62188
946.216 0.62188
946.184 0.623347
946.248 0.624796
946.248 0.624796
946.318 0.626229
946.318 0.626229
946.212 0.627648
946.212 0.627648
946.154 0.629053
946.209 0.630441
946.209 0.630441
946.264 0.631814
946.264 0.631814
946.305 0.633171
946.305 0.633171
946.271 0.634514
946.108 0.635843
946.108 0.635843
946.17 0.637158
946.17 0.637158
946.173 0.638458
946.173 0.638458
946.155 0.639745
946.223 0.641016
946.223 0.641016
946.255 0.642276
946.255 0.642276
946.314 0.643522
946.345 0.644756
946.345 0.644756
946.332 0.645977
946.332 0.645977
946.279 0.647184
946.279 0.647184
946.34 0.648379
946.197 0.649564
946.197 0.649564
946.001 0.650738
946.001 0.650738
945.997 0.6519
945.997 0.6519
945.967 0.653053
946.004 0.654193
946.004 0.654193
946.009 0.655322
946.009 0.655322
945.863 0.65644
945.863 0.65644
945.822 0.657548
945.685 0.658645
945.685 0.658645
945.669 0.659733
945.669 0.659733
945.659 0.660812
945.659 0.660812
945.585 0.66188
945.569 0.662936
945.569 0.662936
945.612 0.663982
945.612 0.663982
945.637 0.66502
945.637 0.66502
945.665 0.666046
945.654 0.667063
945.654 0.667063
945.629 0.668073
945.629 0.668073
945.661 0.669071
945.661 0.669071
945.695 0.670061
945.551 0.671043
945.551 0.671043
945.491 0.672019
945.491 0.672019
945.372 0.672985
945.372 0.672985
945.347 0.673941
945.366 0.67489
945.366 0.67489
945.349 0.675829
945.349 0.675829
945.409 0.676759
945.409 0.676759
945.404 0.677681
945.461 0.678594
945.461 0.678594
945.474 0.6795
945.474 0.6795
945.483 0.680399
945.334 0.68129
945.334 0.68129
945.363 0.682174
945.363 0.682174
945.41 0.683051
945.41 0.683051
945.465 0.683919
945.447 0.68478
945.447 0.68478
945.42 0.685635
945.42 0.685635
945.439 0.686481
945.439 0.686481
945.406 0.687321
945.424 0.688155
945.424 0.688155
945.445 0.68898
945.445 0.68898
945.35 0.6898
945.351 0.690614
945.351 0.690614
945.34 0.691421
945.34 0.691421
945.201 0.692222
945.201 0.692222
945.237 0.693018
945.251 0.693805
945.251 0.693805
945.269 0.694587
945.269 0.694587
945.277 0.695362
945.277 0.695362
945.245 0.696131
945.248 0.696892
945.248 0.696892
945.304 0.697646
945.304 0.697646
945.304 0.698393
945.304 0.698393
945.35 0.699132
945.35 0.699132
945.264 0.699867
945.195 0.700597
945.195 0.700597
945.177 0.701321
945.177 0.701321
945.067 0.702039
945.067 0.702039
945.024 0.702752
944.92 0.70346
944.92 0.70346
944.968 0.704162
944.968 0.704162
944.932 0.704858
944.932 0.704858
944.952 0.705548
944.965 0.706233
944.965 0.706233
944.996 0.706911
944.996 0.706911
945.025 0.707583
945.025 0.707583
945.015 0.708251
944.981 0.708912
944.981 0.708912
944.971 0.709568
944.971 0.709568
944.844 0.710221
944.844 0.710221
944.838 0.71087
944.824 0.711514
944.824 0.711514
944.757 0.712156
944.757 0.712156
944.741 0.712791
944.741 0.712791
944.782 0.713423
944.799 0.714048
944.799 0.714048
944.77 0.71467
944.77 0.71467
944.78 0.715288
944.78 0.715288
944.724 0.715901
944.749 0.716511
944.749 0.716511
944.729 0.717114
944.729 0.717114
944.603 0.717716
944.63 0.718313
944.63 0.718313
944.677 0.718907
944.677 0.718907
944.724 0.719495
944.724 0.719495
944.732 0.720078
944.752 0.720657
944.752 0.720657
944.752 0.721233
944.752 0.721233
944.742 0.721805
944.742 0.721805
944.662 0.722374
944.635 0.722937
944.635 0.722937
944.629 0.723498
944.629 0.723498
944.579 0.724055
944.579 0.724055
944.508 0.724609
944.517 0.725159
944.517 0.725159
944.566 0.725706
944.566 0.725706
944.488 0.726251
944.425 0.726793
944.425 0.726793
944.389 0.727331
944.389 0.727331
944.431 0.727865
944.431 0.727865
944.437 0.728395
944.437 0.728395
944.46 0.72892
944.42 0.729441
944.42 0.729441
944.385 0.72996
944.385 0.72996
944.358 0.730476
944.358 0.730476
944.365 0.730988
944.408 0.731496
944.408 0.731496
944.327 0.732001
944.327 0.732001
944.355 0.732502
944.355 0.732502
944.242 0.733001
944.212 0.733496
944.212 0.733496
944.233 0.733988
944.233 0.733988
944.25 0.734476
944.25 0.734476
944.291 0.734962
944.336 0.735442
944.336 0.735442
944.307 0.735921
944.307 0.735921
944.263 0.736398
944.263 0.736398
944.273 0.73687
944.225 0.737341
944.225 0.737341
944.244 0.737809
944.244 0.737809
944.235 0.738273
944.235 0.738273
944.25 0.738734
944.216 0.739192
944.216 0.739192
944.256 0.739647
944.256 0.739647
944.277 0.740097
944.277 0.740097
944.23 0.740546
944.222 0.740993
944.222 0.740993
944.26 0.741435
944.26 0.741435
944.244 0.741876
944.225 0.742315
944.225 0.742315
944.212 0.742752
944.212 0.742752
944.242 0.743185
944.242 0.743185
944.259 0.743615
944.275 0.744042
944.275 0.744042
944.226 0.744468
944.226 0.744468
944.126 0.744893
944.126 0.744893
944.155 0.745314
944.157 0.745733
944.157 0.745733
944.165 0.746149
944.165 0.746149
944.132 0.746563
944.132 0.746563
944.113 0.746974
944.063 0.747384
944.063 0.747384
944.037 0.747791
944.037 0.747791
943.957 0.748197
943.957 0.748197
943.975 0.7486
943.974 0.749001
943.974 0.749001
944.003 0.749398
944.003 0.749398
944 0.749794
944 0.749794
943.986 0.750188
944.016 0.750578
944.016 0.750578
943.912 0.750968
943.912 0.750968
943.861 0.751355
943.861 0.751355
943.841 0.751741
943.838 0.752125
943.838 0.752125
943.811 0.752508
943.811 0.752508
943.793 0.752888
943.793 0.752888
943.788 0.753266
943.807 0.753641
943.807 0.753641
943.765 0.754014
943.765 0.754014
943.795 0.754384
943.795 0.754384
943.815 0.75475
943.857 0.755115
943.857 0.755115
943.87 0.755479
943.87 0.755479
943.904 0.755839
943.904 0.755839
943.816 0.756198
943.765 0.756557
943.765 0.756557
943.664 0.756914
943.664 0.756914
943.668 0.757269
943.668 0.757269
943.709 0.757622
943.653 0.757973
943.653 0.757973
943.694 0.758321
943.694 0.758321
943.701 0.758668
943.701 0.758668
943.675 0.759013
943.692 0.759355
943.692 0.759355
943.715 0.759695
943.715 0.759695
943.754 0.760034
943.754 0.760034
943.773 0.76037
943.792 0.760704
943.792 0.760704
943.754 0.761037
943.754 0.761037
943.76 0.761368
943.76 0.761368
943.781 0.761696
943.78 0.762023
943.78 0.762023
943.767 0.762348
943.767 0.762348
943.801 0.762672
943.82 0.762994
943.82 0.762994
943.812 0.763313
943.812 0.763313
943.83 0.763632
943.83 0.763632
943.851 0.763949
943.8 0.764264
943.8 0.764264
943.827 0.764578
