10314.3 0.00307756
11804.2 0.00214605
13267.3 0.00213509
13416.9 0.00233394
13372.6 0.00267478
13683.2 0.00303762
13573 0.00337711
13578.5 0.00379867
13653.9 0.00423236
13560.7 0.00472307
13548.3 0.00524226
13577.4 0.00572928
13628.3 0.00622909
13798.3 0.00666618
13934.5 0.00705113
13967.6 0.0074099
14055 0.0077541
14091.1 0.00809336
13978 0.00846145
13977.1 0.00884828
13919.3 0.00925104
13916.7 0.00966589
13941.8 0.0100845
13988.6 0.0104881
14013.4 0.0108872
13989.8 0.0112755
14053.8 0.0116644
14069.1 0.0120399
14100.5 0.0124087
14068.8 0.0127769
14049.5 0.013171
14075.7 0.0135617
14093.1 0.0139436
14119.4 0.0143147
14087.3 0.0146955
14103.9 0.0150777
14115.2 0.0154577
14103.5 0.0158392
14127.8 0.0162186
14111.4 0.0166037
14068.3 0.0169972
14091.7 0.0173969
14128.6 0.0177839
14105.9 0.0181723
14108.3 0.0185631
14139.7 0.018948
14127.1 0.0193274
14133.4 0.0197149
14157.3 0.0200957
14141.1 0.0204786
14141.8 0.0208623
14134.8 0.0212498
14149 0.021635
14188.6 0.0220099
14194.3 0.0223752
14202.1 0.0227403
14204.9 0.0231014
14198.6 0.0234694
14223.7 0.0238327
14224.2 0.024193
14226.8 0.0245513
14233 0.0249099
14252.7 0.0252632
14250.9 0.0256173
14238.4 0.0259722
14241 0.0263316
14238.6 0.0266901
14239.2 0.0270488
14259.7 0.0274036
14265.4 0.0277577
14258.1 0.0281133
14258.7 0.028471
14267.1 0.0288265
14269.4 0.0291773
14287.5 0.0295258
14298 0.0298705
14322 0.0302084
14315.1 0.0305096
14316.9 0.0308029
14312.7 0.0310939
14307.7 0.0313493
14315.9 0.0316278
14300.6 0.0318999
14281.2 0.0321753
14266.6 0.0324534
14268.6 0.0327314
14268.7 0.0330374
14275.4 0.0333073
14273.4 0.0335774
14271.3 0.0338126
14274.5 0.0340717
14259.6 0.0343274
14255.1 0.0345804
14259.6 0.0348019
14263.4 0.0350142
14266.9 0.0352175
14268.1 0.0354136
14270.7 0.0356036
14273.4 0.0358365
14275.7 0.0360201
