10019.5 0.0033452
10630.1 0.00308228
10522.2 0.00372176
10931.5 0.00470346
10920.7 0.00574773
10965.3 0.00687679
11176.3 0.00795807
11273.5 0.00897289
11311.5 0.00999936
11262.7 0.011033
11175.8 0.0121662
11181 0.0133071
11190.8 0.0144234
11203.5 0.0155669
11115.9 0.0167396
11149.6 0.0179288
11205.4 0.019081
11115.8 0.0202694
11130.5 0.0214645
11182.5 0.0226339
11198.5 0.0237884
11183.4 0.0249483
11192.6 0.0261045
11229.5 0.0272481
11199.6 0.0284054
11192.7 0.0295656
11184 0.0307251
11174.8 0.0318959
11124.4 0.0330911
11126.7 0.0342965
11155.3 0.0354931
11180.8 0.0366678
11188.4 0.0375919
11177.6 0.0383785
11191.8 0.0391341
11202.2 0.0397455
11201.7 0.0404295
11197.8 0.041087
11198.7 0.0417185
11220.1 0.04232
11192.9 0.042818
11180.4 0.0432996
11188.2 0.0438329
11177.3 0.0442756
11166.3 0.0448549
11169.8 0.0453554
11165.9 0.0458475
11151.5 0.0463292
11151.1 0.046794
11159.6 0.0472457
11152.7 0.0476872
11150.6 0.0481206
11175 0.048532
11162.3 0.0489324
11159.3 0.0493289
11150.8 0.0496594
11155.1 0.0500288
11159.1 0.0503361
11143.5 0.0506852
11136.6 0.0509806
11138.5 0.051313
11146.4 0.0516308
11160.2 0.0518923
11165.7 0.0521867
11182.7 0.0524661
11179.2 0.0526986
11168.1 0.0529645
11172 0.0532658
11186.5 0.0534855
11169.5 0.0537294
11177.6 0.0539359
11187.5 0.0541648
11184.8 0.0543925
11201.1 0.0545768
11209 0.0547771
11214.7 0.0549425
11221.5 0.0551552
11218.1 0.0553431
11225.6 0.0555263
11218.4 0.0557107
11222.8 0.0558932
11221.8 0.0560691
11227.8 0.056238
11223.3 0.0564081
11223.2 0.0565505
11214.2 0.0567378
11216.1 0.0568771
11212.7 0.057064
11213.6 0.0572275
11218.5 0.0573905
11227.8 0.0575724
11225.6 0.0577046
11212.7 0.0578599
11214.9 0.0580151
11219.9 0.0581637
11209.6 0.0583126
11212.4 0.0584603
11211 0.0586103
11221.8 0.0587321
11223.3 0.0588667
2997.38 0.00566061
2997.38 0.00566061
